owall1,768,1216,E4D6DA87,0,1,1,4294967295,0,0
owall1,800,1216,D34F3439,0,1,1,4294967295,0,0
owall1,800,1248,1D1A2DA8,0,1,1,4294967295,0,0
owall1,800,1280,23CB7ECD,0,1,1,4294967295,0,0
owall1,768,1280,2D198209,0,1,1,4294967295,0,0
owall1,768,1248,38BDDB4D,0,1,1,4294967295,0,0
owall1,800,1312,958E209B,0,1,1,4294967295,0,0
owall1,768,1312,18091D86,0,1,1,4294967295,0,0
owall1,768,1408,C7D96D72,0,1,1,4294967295,0,0
owall1,768,1376,FA69AE39,0,1,1,4294967295,0,0
owall1,768,1504,8397CDD4,0,1,1,4294967295,0,0
owall1,768,1472,B66DFF0F,0,1,1,4294967295,0,0
owall1,768,1440,9FDFE8BC,0,1,1,4294967295,0,0
owall1,768,1792,8382A8E4,0,1,1,4294967295,0,0
owall1,768,1760,ACE4927B,0,1,1,4294967295,0,0
owall1,768,1728,20994436,0,1,1,4294967295,0,0
owall1,768,1632,FFF7ECBA,0,1,1,4294967295,0,0
owall1,768,1600,78D6E768,0,1,1,4294967295,0,0
owall1,768,1568,163C32F0,0,1,1,4294967295,0,0
owall1,0,1792,0D35011B,0,1,1,4294967295,0,0
owall1,0,1760,3FA321C6,0,1,1,4294967295,0,0
owall1,0,1728,BD7A8BD2,0,1,1,4294967295,0,0
owall1,0,1696,CEEEFDA6,0,1,1,4294967295,0,0
owall1,0,1664,E0D24EBC,0,1,1,4294967295,0,0
owall1,0,1632,A9B569EB,0,1,1,4294967295,0,0
owall1,0,1600,E7951ADB,0,1,1,4294967295,0,0
owall1,0,1568,5006744B,0,1,1,4294967295,0,0
owall1,0,1536,E78D7685,0,1,1,4294967295,0,0
owall1,0,1504,E895ABEB,0,1,1,4294967295,0,0
owall1,0,1472,1B01EE4D,0,1,1,4294967295,0,0
owall1,0,1440,F35A3CDE,0,1,1,4294967295,0,0
owall1,0,1408,2D0F88AD,0,1,1,4294967295,0,0
owall1,0,1216,BD2A976C,0,1,1,4294967295,0,0
owall1,0,1248,D4CA3945,0,1,1,4294967295,0,0
owall1,0,1280,C4C2F3DF,0,1,1,4294967295,0,0
owall1,0,1312,361183D4,0,1,1,4294967295,0,0
owall1,0,1344,26D5A16B,0,1,1,4294967295,0,0
owall1,0,1376,4FDEADE2,0,1,1,4294967295,0,0
owall1,32,1216,18B07E3F,0,1,1,4294967295,0,0
owall1,64,1216,546D24DB,0,1,1,4294967295,0,0
owall1,96,1216,599E3629,0,1,1,4294967295,0,0
owall1,128,1216,513B4CDC,0,1,1,4294967295,0,0
owall1,160,1216,622D3807,0,1,1,4294967295,0,0
owall1,288,1216,80DE68ED,0,1,1,4294967295,0,0
owall1,320,1216,C01678D7,0,1,1,4294967295,0,0
owall1,352,1216,74703C6C,0,1,1,4294967295,0,0
owall1,384,1216,5B955AB5,0,1,1,4294967295,0,0
owall1,224,1216,BFB069AE,0,1,1,4294967295,0,0
owall1,256,1216,E48A4A4B,0,1,1,4294967295,0,0
owall1,448,1216,994F78FE,0,1,1,4294967295,0,0
owall1,480,1216,27A7D1D1,0,1,1,4294967295,0,0
owall1,512,1216,24FAEAF0,0,1,1,4294967295,0,0
owall1,544,1216,254E8B01,0,1,1,4294967295,0,0
owall1,576,1216,3AA88A77,0,1,1,4294967295,0,0
owall1,640,1216,64509D82,0,1,1,4294967295,0,0
owall1,672,1216,F031E462,0,1,1,4294967295,0,0
owall1,704,1216,AA341347,0,1,1,4294967295,0,0
owall1,736,1216,459B08C6,0,1,1,4294967295,0,0
owall2,608,1216,D7B6FA13,0,1,1,4294967295,0,0
owall2,416,1216,5A866DAA,0,1,1,4294967295,0,0
owall2,192,1216,2F106CF9,0,1,1,4294967295,0,0
owall2,768,1344,13F42CF2,0,1,1,4294967295,0,0
owall2,768,1536,4DE6E075,0,1,1,4294967295,0,0
owall2,800,1632,251CFB38,0,1,1,4294967295,0,0
owall1,1568,1216,66886BA6,0,1,1,4294967295,0,0
owall1,1568,1248,DAFE2ED3,0,1,1,4294967295,0,0
owall1,1568,1280,AC6E5431,0,1,1,4294967295,0,0
owall1,1568,1312,13CEF169,0,1,1,4294967295,0,0
owall1,1568,1344,EFE2BE5B,0,1,1,4294967295,0,0
owall1,1568,1376,3FE2B10F,0,1,1,4294967295,0,0
owall1,1568,1408,7F04CA23,0,1,1,4294967295,0,0
owall1,1568,1440,A70A3573,0,1,1,4294967295,0,0
owall1,1568,1472,D4D9EC20,0,1,1,4294967295,0,0
owall1,1536,1216,F051C526,0,1,1,4294967295,0,0
owall1,1504,1216,841AA63A,0,1,1,4294967295,0,0
owall1,1472,1216,5C38DCD9,0,1,1,4294967295,0,0
owall1,1440,1216,225857B4,0,1,1,4294967295,0,0
owall1,1408,1216,EE645EB7,0,1,1,4294967295,0,0
owall1,1376,1216,65DE904D,0,1,1,4294967295,0,0
owall1,1312,1216,5B931802,0,1,1,4294967295,0,0
owall1,1280,1216,9768A5B3,0,1,1,4294967295,0,0
owall1,1248,1216,11BD6659,0,1,1,4294967295,0,0
owall1,1216,1216,3D70C014,0,1,1,4294967295,0,0
owall1,1120,1216,46E6E885,0,1,1,4294967295,0,0
owall1,1088,1216,8086D017,0,1,1,4294967295,0,0
owall1,1024,1216,CD2FCD21,0,1,1,4294967295,0,0
owall1,992,1216,8FEE2004,0,1,1,4294967295,0,0
owall1,960,1216,22FE8320,0,1,1,4294967295,0,0
owall1,928,1216,7B755411,0,1,1,4294967295,0,0
owall1,896,1216,974E5D96,0,1,1,4294967295,0,0
owall1,864,1216,BFBFE6D6,0,1,1,4294967295,0,0
owall1,832,1216,B57F7778,0,1,1,4294967295,0,0
owall2,1344,1216,14F85E95,0,1,1,4294967295,0,0
owall2,1056,1216,84B40A99,0,1,1,4294967295,0,0
owall2,800,1344,7384C1C4,0,1,1,4294967295,0,0
owall1,800,1376,96854655,0,1,1,4294967295,0,0
owall1,800,1408,F8EC5134,0,1,1,4294967295,0,0
owall1,800,1440,C872D9E6,0,1,1,4294967295,0,0
owall1,800,1472,EEE1581F,0,1,1,4294967295,0,0
owall1,800,1504,53DAFD57,0,1,1,4294967295,0,0
owall1,800,1536,6EBA87F3,0,1,1,4294967295,0,0
owall1,800,1568,DD61B864,0,1,1,4294967295,0,0
owall1,800,1600,80C83029,0,1,1,4294967295,0,0
owall1,800,1728,59EB993E,0,1,1,4294967295,0,0
owall1,800,1760,864FAADD,0,1,1,4294967295,0,0
owall1,800,1792,D6B23BB4,0,1,1,4294967295,0,0
owall1,1568,1504,D9D1B1FC,0,1,1,4294967295,0,0
owall1,1568,1536,26E60937,0,1,1,4294967295,0,0
owall1,1568,1568,2D4E9F56,0,1,1,4294967295,0,0
owall1,1568,1600,32DE8839,0,1,1,4294967295,0,0
owall1,1568,1696,3D1B3C5E,0,1,1,4294967295,0,0
owall1,1568,1728,4BE26556,0,1,1,4294967295,0,0
owall1,1568,1760,7FCABADB,0,1,1,4294967295,0,0
owall1,1568,1792,0FC85CB0,0,1,1,4294967295,0,0
owall2,992,1792,D3939AAA,0,1,1,4294967295,0,0
owall1,1600,1216,692C0E1F,0,1,1,4294967295,0,0
owall1,1600,1248,172AAEFF,0,1,1,4294967295,0,0
owall1,1600,1280,0E76B587,0,1,1,4294967295,0,0
owall1,1600,1312,22E36FC9,0,1,1,4294967295,0,0
owall1,1600,1344,3C0EC498,0,1,1,4294967295,0,0
owall1,1600,1376,1745A153,0,1,1,4294967295,0,0
owall1,1600,1408,83B9CD21,0,1,1,4294967295,0,0
owall1,1600,1440,F764DE60,0,1,1,4294967295,0,0
owall1,1600,1472,14BCF2C3,0,1,1,4294967295,0,0
owall1,1600,1536,C28C84AC,0,1,1,4294967295,0,0
owall1,1600,1568,EC7385C4,0,1,1,4294967295,0,0
owall1,1600,1600,7FC9E22A,0,1,1,4294967295,0,0
owall1,1600,1696,C982334B,0,1,1,4294967295,0,0
owall1,1600,1728,6D65D5A5,0,1,1,4294967295,0,0
owall1,1600,1760,B2066221,0,1,1,4294967295,0,0
owall1,1600,1792,EAE9C504,0,1,1,4294967295,0,0
owall1,2368,1216,8AF44D70,0,1,1,4294967295,0,0
owall1,2368,1248,AC52F37B,0,1,1,4294967295,0,0
owall1,2368,1280,59F68C28,0,1,1,4294967295,0,0
owall1,2368,1312,BE0B390E,0,1,1,4294967295,0,0
owall1,2368,1344,5A165DBA,0,1,1,4294967295,0,0
owall1,2336,1216,D1406894,0,1,1,4294967295,0,0
owall1,2304,1216,AC48E397,0,1,1,4294967295,0,0
owall1,2272,1216,9CCE03E6,0,1,1,4294967295,0,0
owall1,2240,1216,5F013841,0,1,1,4294967295,0,0
owall1,2208,1216,65557B36,0,1,1,4294967295,0,0
owall1,2176,1216,14DB6A2F,0,1,1,4294967295,0,0
owall1,2144,1216,83CF6F09,0,1,1,4294967295,0,0
owall1,2112,1216,0CFFFF35,0,1,1,4294967295,0,0
owall1,2080,1216,9C78C9BD,0,1,1,4294967295,0,0
owall1,2048,1216,2518A0BC,0,1,1,4294967295,0,0
owall1,1856,1216,043EF829,0,1,1,4294967295,0,0
owall1,1824,1216,6D695972,0,1,1,4294967295,0,0
owall1,1792,1216,B9F06DAC,0,1,1,4294967295,0,0
owall1,1760,1216,295D3660,0,1,1,4294967295,0,0
owall1,1728,1216,BB4293A5,0,1,1,4294967295,0,0
owall1,1696,1216,8D746A25,0,1,1,4294967295,0,0
owall1,1664,1216,9711F54A,0,1,1,4294967295,0,0
owall1,1632,1216,580974C8,0,1,1,4294967295,0,0
owall1,1888,1216,CDE35F32,0,1,1,4294967295,0,0
owall1,1920,1216,35668481,0,1,1,4294967295,0,0
owall1,1952,1216,86D6EC08,0,1,1,4294967295,0,0
owall1,1984,1216,014A9B73,0,1,1,4294967295,0,0
owall2,2016,1216,24722DC0,0,1,1,4294967295,0,0
owall2,1600,1504,B3191D4D,0,1,1,4294967295,0,0
owall2,1856,1792,A44FCCF9,0,1,1,4294967295,0,0
owall1,2368,1376,07351149,0,1,1,4294967295,0,0
owall1,2368,1408,EDC36B65,0,1,1,4294967295,0,0
owall1,2368,1440,44686018,0,1,1,4294967295,0,0
owall1,2368,1472,4BDF8BCC,0,1,1,4294967295,0,0
owall1,2368,1504,05DB1B45,0,1,1,4294967295,0,0
owall1,2368,1536,978A1BB9,0,1,1,4294967295,0,0
owall1,2368,1632,66A83F50,0,1,1,4294967295,0,0
owall1,2368,1664,DBA735BF,0,1,1,4294967295,0,0
owall1,2368,1696,526F5E23,0,1,1,4294967295,0,0
owall1,2368,1728,7F2691C3,0,1,1,4294967295,0,0
owall1,2368,1760,C0B9AB7F,0,1,1,4294967295,0,0
owall1,2368,1792,6623B050,0,1,1,4294967295,0,0
owall1,2400,1536,D8D135D2,0,1,1,4294967295,0,0
owall1,2400,1504,16551244,0,1,1,4294967295,0,0
owall1,2400,1472,599A5A33,0,1,1,4294967295,0,0
owall1,2400,1440,88939B2D,0,1,1,4294967295,0,0
owall1,2400,1408,E0685924,0,1,1,4294967295,0,0
owall1,2400,1376,F77E0DA7,0,1,1,4294967295,0,0
owall1,2400,1344,F5C1D427,0,1,1,4294967295,0,0
owall1,2400,1312,743736C5,0,1,1,4294967295,0,0
owall1,2400,1280,9C92668A,0,1,1,4294967295,0,0
owall1,2400,1216,49E6C6B5,0,1,1,4294967295,0,0
owall1,2432,1216,E557B163,0,1,1,4294967295,0,0
owall1,2464,1216,5E75BDC3,0,1,1,4294967295,0,0
owall1,2496,1216,286ED230,0,1,1,4294967295,0,0
owall1,2528,1216,31E758F4,0,1,1,4294967295,0,0
owall1,2560,1216,B6111A55,0,1,1,4294967295,0,0
owall1,2592,1216,5ADA849B,0,1,1,4294967295,0,0
owall1,2624,1216,C9DCBEFE,0,1,1,4294967295,0,0
owall1,2656,1216,6724FA10,0,1,1,4294967295,0,0
owall1,2688,1216,D0859CB9,0,1,1,4294967295,0,0
owall1,2720,1216,2D7930A7,0,1,1,4294967295,0,0
owall1,2752,1216,92A0D33C,0,1,1,4294967295,0,0
owall1,2784,1216,E76E16E9,0,1,1,4294967295,0,0
owall1,2816,1216,A93AB20A,0,1,1,4294967295,0,0
owall1,2848,1216,B4A39789,0,1,1,4294967295,0,0
owall1,2880,1216,D46EDF0D,0,1,1,4294967295,0,0
owall1,2944,1216,725C8C5E,0,1,1,4294967295,0,0
owall1,2976,1216,ACF39ED6,0,1,1,4294967295,0,0
owall1,3008,1216,788FECF7,0,1,1,4294967295,0,0
owall1,3040,1216,A27293CC,0,1,1,4294967295,0,0
owall1,3072,1216,98E6F24E,0,1,1,4294967295,0,0
owall1,3104,1216,EA7B8B3D,0,1,1,4294967295,0,0
owall1,3136,1216,874BFB1B,0,1,1,4294967295,0,0
owall1,3168,1216,5BADE6C8,0,1,1,4294967295,0,0
owall1,3168,1248,45F875FF,0,1,1,4294967295,0,0
owall1,3168,1280,D66BB571,0,1,1,4294967295,0,0
owall1,3168,1312,04B0A529,0,1,1,4294967295,0,0
owall1,3168,1344,2DE57B27,0,1,1,4294967295,0,0
owall1,3168,1376,AF345F32,0,1,1,4294967295,0,0
owall1,3168,1408,5C6BB06B,0,1,1,4294967295,0,0
owall1,3168,1472,DFCB4C80,0,1,1,4294967295,0,0
owall1,3168,1504,AAABDC1A,0,1,1,4294967295,0,0
owall1,3168,1536,082B704B,0,1,1,4294967295,0,0
owall1,3168,1568,DB7F750D,0,1,1,4294967295,0,0
owall1,3168,1600,D62DF80B,0,1,1,4294967295,0,0
owall1,3168,1632,79CC92C8,0,1,1,4294967295,0,0
owall1,3168,1664,5F458438,0,1,1,4294967295,0,0
owall1,3168,1696,F8E3D94B,0,1,1,4294967295,0,0
owall1,3168,1728,F0696C26,0,1,1,4294967295,0,0
owall1,2400,1760,F34751EC,0,1,1,4294967295,0,0
owall1,2400,1728,EE9B43F1,0,1,1,4294967295,0,0
owall1,2400,1696,F405178F,0,1,1,4294967295,0,0
owall1,2400,1664,DA3B8408,0,1,1,4294967295,0,0
owall1,2400,1632,3DB4EBF6,0,1,1,4294967295,0,0
owall2,2400,1248,6F5ADFF9,0,1,1,4294967295,0,0
owall2,2912,1216,6CCDA593,0,1,1,4294967295,0,0
owall2,3168,1440,1A5093B7,0,1,1,4294967295,0,0
owall2,3168,1760,D359942A,0,1,1,4294967295,0,0
owall2,2400,1792,60CF73D3,0,1,1,4294967295,0,0
owall2,2464,1792,59DE349A,0,1,1,4294967295,0,0
owall2,2848,1792,26869262,0,1,1,4294967295,0,0
owall2,3168,1792,335831AA,0,1,1,4294967295,0,0
owall1,1568,1664,97730D93,0,1,1,4294967295,0,0
owall1,1600,1664,F11E79BE,0,1,1,4294967295,0,0
owall1,1600,1632,62C11C9C,0,1,1,4294967295,0,0
owall1,1568,1632,7446F4A5,0,1,1,4294967295,0,0
ograss2,32,1248,8DCB4044,0,1,1,4294967295,0,0
ograss2,64,1280,3919A08C,0,1,1,4294967295,0,0
ograss2,96,1280,C48C2AE1,0,1,1,4294967295,0,0
ograss2,96,1312,6A514CB1,0,1,1,4294967295,0,0
ograss2,128,1312,225E360E,0,1,1,4294967295,0,0
ograss2,128,1344,038D9817,0,1,1,4294967295,0,0
ograss2,96,1344,75E3A96E,0,1,1,4294967295,0,0
ograss2,96,1376,0ECDDD5F,0,1,1,4294967295,0,0
ograss2,128,1376,93AE0415,0,1,1,4294967295,0,0
ograss2,64,1376,63311381,0,1,1,4294967295,0,0
ograss2,96,1408,1FFCB9C5,0,1,1,4294967295,0,0
ograss2,128,1408,78BDC01E,0,1,1,4294967295,0,0
ograss2,192,1408,A1A7ABC7,0,1,1,4294967295,0,0
ograss2,160,1408,B433B9C5,0,1,1,4294967295,0,0
ograss2,192,1376,4074F9E9,0,1,1,4294967295,0,0
ograss2,160,1376,FD220FEA,0,1,1,4294967295,0,0
ograss2,64,1312,75A245F3,0,1,1,4294967295,0,0
ograss2,64,1344,6AB250CB,0,1,1,4294967295,0,0
ograss2,160,1280,52E11FC1,0,1,1,4294967295,0,0
ograss2,128,1280,5D443F62,0,1,1,4294967295,0,0
ograss2,192,1280,E0C5008C,0,1,1,4294967295,0,0
owall1,736,1792,9657D7A4,0,1,1,4294967295,0,0
owall1,704,1792,0CFD331A,0,1,1,4294967295,0,0
owall1,672,1792,FAFBE46F,0,1,1,4294967295,0,0
owall1,640,1792,0F5CE2A9,0,1,1,4294967295,0,0
owall2,608,1792,B8F69491,0,1,1,4294967295,0,0
owall1,576,1792,55E301A8,0,1,1,4294967295,0,0
owall1,544,1792,11FFAEE9,0,1,1,4294967295,0,0
owall1,512,1792,4081FBB4,0,1,1,4294967295,0,0
owall1,480,1792,252FF00F,0,1,1,4294967295,0,0
owall1,448,1792,37700D4E,0,1,1,4294967295,0,0
owall1,416,1792,CDBED596,0,1,1,4294967295,0,0
owall1,384,1792,C52EE9C2,0,1,1,4294967295,0,0
owall1,352,1792,978EC8E1,0,1,1,4294967295,0,0
owall1,320,1792,3457EA57,0,1,1,4294967295,0,0
owall1,288,1792,01F4A732,0,1,1,4294967295,0,0
owall1,256,1792,17B179D2,0,1,1,4294967295,0,0
owall1,224,1792,F4171350,0,1,1,4294967295,0,0
owall1,192,1792,6428ABEC,0,1,1,4294967295,0,0
owall1,160,1792,1D9638CA,0,1,1,4294967295,0,0
owall1,128,1792,53879ABF,0,1,1,4294967295,0,0
owall1,96,1792,5D88ADBA,0,1,1,4294967295,0,0
owall2,64,1792,8297D1F2,0,1,1,4294967295,0,0
owall1,32,1792,5B5366A4,0,1,1,4294967295,0,0
owall1,832,1792,7803B8E3,0,1,1,4294967295,0,0
owall1,864,1792,DCE91AB1,0,1,1,4294967295,0,0
owall1,896,1792,0B592E2F,0,1,1,4294967295,0,0
owall1,928,1792,31533449,0,1,1,4294967295,0,0
owall1,960,1792,ECB391A3,0,1,1,4294967295,0,0
owall1,1024,1792,CBEBF73F,0,1,1,4294967295,0,0
owall1,1056,1792,F114E1D3,0,1,1,4294967295,0,0
owall1,1088,1792,6F275E89,0,1,1,4294967295,0,0
owall1,1120,1792,B4FD6024,0,1,1,4294967295,0,0
owall1,1152,1792,BBA7C481,0,1,1,4294967295,0,0
owall1,1184,1792,E78FAA4B,0,1,1,4294967295,0,0
owall1,1216,1792,A2FA7589,0,1,1,4294967295,0,0
owall1,1248,1792,A952B125,0,1,1,4294967295,0,0
owall1,1280,1792,19C0ED0A,0,1,1,4294967295,0,0
owall1,1312,1792,46728783,0,1,1,4294967295,0,0
owall1,1344,1792,E1702271,0,1,1,4294967295,0,0
owall1,1376,1792,3A487E35,0,1,1,4294967295,0,0
owall1,1408,1792,CF747263,0,1,1,4294967295,0,0
owall1,1440,1792,F897C824,0,1,1,4294967295,0,0
owall1,1472,1792,3FE5C820,0,1,1,4294967295,0,0
owall1,1504,1792,47560FDF,0,1,1,4294967295,0,0
owall1,1536,1792,8277BCC9,0,1,1,4294967295,0,0
owall1,3136,1792,9BAA57B4,0,1,1,4294967295,0,0
owall1,3104,1792,C8D0AD4C,0,1,1,4294967295,0,0
owall1,3072,1792,93E31F0B,0,1,1,4294967295,0,0
owall1,3040,1792,70F8AB4F,0,1,1,4294967295,0,0
owall1,3008,1792,70753495,0,1,1,4294967295,0,0
owall1,2976,1792,E890111D,0,1,1,4294967295,0,0
owall1,2944,1792,76A7C5C0,0,1,1,4294967295,0,0
owall1,2912,1792,B4BF248D,0,1,1,4294967295,0,0
owall1,2880,1792,5DC827A8,0,1,1,4294967295,0,0
owall1,2816,1792,21DE1A01,0,1,1,4294967295,0,0
owall1,2784,1792,D81EA8AF,0,1,1,4294967295,0,0
owall1,2752,1792,94DEF750,0,1,1,4294967295,0,0
owall1,2688,1792,D87F0EBA,0,1,1,4294967295,0,0
owall1,2624,1792,03EBC7AD,0,1,1,4294967295,0,0
owall1,2592,1792,49B1AF2A,0,1,1,4294967295,0,0
owall1,2560,1792,7230E9AA,0,1,1,4294967295,0,0
owall1,2528,1792,2D4C3277,0,1,1,4294967295,0,0
owall1,2496,1792,5A74EC0B,0,1,1,4294967295,0,0
owall1,2656,1792,183EF16E,0,1,1,4294967295,0,0
owall1,2720,1792,FA1877D4,0,1,1,4294967295,0,0
owall1,2432,1792,FA106C17,0,1,1,4294967295,0,0
owall1,1632,1792,0BDD5547,0,1,1,4294967295,0,0
owall1,1664,1792,1A136175,0,1,1,4294967295,0,0
owall1,1696,1792,D343348A,0,1,1,4294967295,0,0
owall1,1728,1792,C0CCC6BE,0,1,1,4294967295,0,0
owall1,1760,1792,18D3A6D6,0,1,1,4294967295,0,0
owall1,1792,1792,C51EF4F7,0,1,1,4294967295,0,0
owall1,1920,1792,F1086B80,0,1,1,4294967295,0,0
owall1,1952,1792,B535E740,0,1,1,4294967295,0,0
owall1,1984,1792,BDDE8A82,0,1,1,4294967295,0,0
owall1,2016,1792,64A01E7A,0,1,1,4294967295,0,0
owall1,2048,1792,42275FFB,0,1,1,4294967295,0,0
owall1,2080,1792,703F964B,0,1,1,4294967295,0,0
owall1,2112,1792,438D5357,0,1,1,4294967295,0,0
owall1,2144,1792,A59AB221,0,1,1,4294967295,0,0
owall1,2176,1792,E0082939,0,1,1,4294967295,0,0
owall1,2208,1792,5DB1493E,0,1,1,4294967295,0,0
owall1,2240,1792,2B5A7A8A,0,1,1,4294967295,0,0
owall1,2272,1792,08801219,0,1,1,4294967295,0,0
owall1,2304,1792,3E8DEBFD,0,1,1,4294967295,0,0
owall1,2336,1792,7BB28723,0,1,1,4294967295,0,0
owall1,1888,1792,06181F92,0,1,1,4294967295,0,0
owall1,1824,1792,9205CE12,0,1,1,4294967295,0,0
ograss2,3040,1312,9DF17C1D,0,1,1,4294967295,0,0
ograss2,3008,1312,6A0A7511,0,1,1,4294967295,0,0
ograss2,2976,1344,9B336B6F,0,1,1,4294967295,0,0
ograss2,2976,1376,0BEEE8A5,0,1,1,4294967295,0,0
ograss2,3008,1376,993ACCC5,0,1,1,4294967295,0,0
ograss2,3040,1376,70A4A6AD,0,1,1,4294967295,0,0
ograss2,3072,1376,B1805CE2,0,1,1,4294967295,0,0
ograss2,3072,1344,BCD3D019,0,1,1,4294967295,0,0
ograss2,3008,1344,F7B56288,0,1,1,4294967295,0,0
ograss2,3040,1344,969CDE49,0,1,1,4294967295,0,0
ograss2,3040,1280,1804BDE5,0,1,1,4294967295,0,0
ograss2,3104,1344,83BEC2D5,0,1,1,4294967295,0,0
ograss2,3136,1312,3EA81C30,0,1,1,4294967295,0,0
ograss2,3136,1280,F133CD8C,0,1,1,4294967295,0,0
ograss2,3136,1248,BC83A0C5,0,1,1,4294967295,0,0
ograss2,1152,1216,15D7F460,0,1,1,4294967295,0,0
ograss2,1184,1216,90642565,0,1,1,4294967295,0,0
ograss2,1184,1248,4AB302C9,0,1,1,4294967295,0,0
ograss2,1152,1248,04D6363D,0,1,1,4294967295,0,0
ograss2,1120,1248,FE666015,0,1,1,4294967295,0,0
ograss2,1088,1248,64FC22E4,0,1,1,4294967295,0,0
ograss2,1056,1248,4B8A93A6,0,1,1,4294967295,0,0
ograss2,1024,1248,6DABADBD,0,1,1,4294967295,0,0
ograss2,992,1248,645A84DD,0,1,1,4294967295,0,0
ograss2,960,1248,BAB572CA,0,1,1,4294967295,0,0
ograss2,928,1248,4BF8B2BC,0,1,1,4294967295,0,0
ograss2,896,1248,205F30A5,0,1,1,4294967295,0,0
ograss2,864,1248,57960280,0,1,1,4294967295,0,0
ograss2,832,1248,CFC8CB26,0,1,1,4294967295,0,0
ograss2,832,1280,518A79BA,0,1,1,4294967295,0,0
ograss2,832,1312,403299D8,0,1,1,4294967295,0,0
ograss2,832,1344,8199D250,0,1,1,4294967295,0,0
ograss2,832,1376,023591E6,0,1,1,4294967295,0,0
ograss2,832,1408,1F4B55CC,0,1,1,4294967295,0,0
ograss2,832,1440,4DABACCA,0,1,1,4294967295,0,0
ograss2,832,1472,22927FAA,0,1,1,4294967295,0,0
ograss2,832,1504,3F2183CC,0,1,1,4294967295,0,0
ograss2,832,1536,FDD54847,0,1,1,4294967295,0,0
ograss2,832,1568,8A252CF2,0,1,1,4294967295,0,0
ograss2,864,1600,422FC954,0,1,1,4294967295,0,0
ograss2,896,1696,16F60135,0,1,1,4294967295,0,0
ograss2,832,1632,5B457AD6,0,1,1,4294967295,0,0
ograss2,832,1600,DD70AEA3,0,1,1,4294967295,0,0
ograss2,896,1568,6A1FC9E7,0,1,1,4294967295,0,0
ograss2,928,1568,B9AB8860,0,1,1,4294967295,0,0
ograss2,992,1568,B5A3DFB5,0,1,1,4294967295,0,0
ograss2,1056,1568,C31EF094,0,1,1,4294967295,0,0
ograss2,960,1600,B2EE1670,0,1,1,4294967295,0,0
ograss2,928,1664,5D9B9D26,0,1,1,4294967295,0,0
ograss2,864,1504,B2355105,0,1,1,4294967295,0,0
ograss2,864,1536,CCA5A315,0,1,1,4294967295,0,0
ograss2,864,1568,42188A6F,0,1,1,4294967295,0,0
ograss2,864,1472,4FAAAF09,0,1,1,4294967295,0,0
ograss2,864,1440,D4F1D46C,0,1,1,4294967295,0,0
ograss2,864,1408,3B78956A,0,1,1,4294967295,0,0
ograss2,864,1376,80BBBB6E,0,1,1,4294967295,0,0
ograss2,864,1344,614349F9,0,1,1,4294967295,0,0
ograss2,864,1312,3874E7FE,0,1,1,4294967295,0,0
ograss2,864,1280,5E0E8D75,0,1,1,4294967295,0,0
ograss2,896,1280,3B48EF96,0,1,1,4294967295,0,0
ograss2,928,1376,BEC2B4A4,0,1,1,4294967295,0,0
ograss2,960,1408,BFAFE6D3,0,1,1,4294967295,0,0
ograss2,1024,1472,F6FA62A5,0,1,1,4294967295,0,0
ograss2,1088,1472,6E7B283B,0,1,1,4294967295,0,0
ograss2,1152,1472,38E52159,0,1,1,4294967295,0,0
ograss2,1120,1440,67237E2B,0,1,1,4294967295,0,0
ograss2,1056,1472,0880D4E1,0,1,1,4294967295,0,0
ograss2,1056,1504,E6FE41C9,0,1,1,4294967295,0,0
ograss2,1088,1504,86CB3129,0,1,1,4294967295,0,0
ograss2,1184,1472,B249465A,0,1,1,4294967295,0,0
ograss2,1216,1440,718B9745,0,1,1,4294967295,0,0
ograss2,1184,1408,0822F273,0,1,1,4294967295,0,0
ograss2,1152,1504,5C1E500D,0,1,1,4294967295,0,0
ograss2,1216,1504,FDDBEC75,0,1,1,4294967295,0,0
ograss2,1312,1504,EEB35752,0,1,1,4294967295,0,0
ograss2,1312,1440,40FC5C49,0,1,1,4294967295,0,0
ograss2,1280,1472,9D5C8D73,0,1,1,4294967295,0,0
ograss2,1280,1504,3BCB407D,0,1,1,4294967295,0,0
ograss2,1344,1504,023753AF,0,1,1,4294967295,0,0
ograss2,1344,1472,57C5052C,0,1,1,4294967295,0,0
ograss2,1312,1536,2776224D,0,1,1,4294967295,0,0
ograss2,1344,1568,0D281078,0,1,1,4294967295,0,0
ograss2,1344,1536,ACE4AD59,0,1,1,4294967295,0,0
ograss2,1376,1504,20668261,0,1,1,4294967295,0,0
ograss2,1376,1472,83FAB27E,0,1,1,4294967295,0,0
ograss2,1376,1440,91C90C5C,0,1,1,4294967295,0,0
ograss2,1376,1536,2256AE90,0,1,1,4294967295,0,0
ograss2,1408,1568,1D5B7BEA,0,1,1,4294967295,0,0
ograss2,1408,1536,A5AF4D92,0,1,1,4294967295,0,0
ograss2,1440,1536,EC2DBB7E,0,1,1,4294967295,0,0
ograss2,1440,1504,D621230E,0,1,1,4294967295,0,0
ograss2,1472,1472,5E9F00F6,0,1,1,4294967295,0,0
ograss2,1472,1440,B461B2EA,0,1,1,4294967295,0,0
ograss2,1504,1440,BC632B9E,0,1,1,4294967295,0,0
ograss2,1504,1472,5BF39531,0,1,1,4294967295,0,0
ograss2,1536,1472,A7DAA34C,0,1,1,4294967295,0,0
ograss2,1536,1504,2824CDA7,0,1,1,4294967295,0,0
ograss2,1536,1536,4617FBB4,0,1,1,4294967295,0,0
ograss2,1536,1440,539DB665,0,1,1,4294967295,0,0
ograss2,1536,1408,76348ACF,0,1,1,4294967295,0,0
ograss2,1536,1376,A60063BD,0,1,1,4294967295,0,0
ograss2,1536,1344,D9901044,0,1,1,4294967295,0,0
ograss2,1536,1312,D2D8E9AE,0,1,1,4294967295,0,0
ograss2,1536,1280,12A1E0AC,0,1,1,4294967295,0,0
ograss2,1536,1248,E60647E2,0,1,1,4294967295,0,0
ograss2,1504,1248,2AAAF4DC,0,1,1,4294967295,0,0
ograss2,1472,1248,0B93CB1E,0,1,1,4294967295,0,0
ograss2,1440,1248,5964D5A9,0,1,1,4294967295,0,0
ograss2,1376,1248,F07B29EE,0,1,1,4294967295,0,0
ograss2,1344,1248,A9B87393,0,1,1,4294967295,0,0
ograss2,1312,1248,30E2C46A,0,1,1,4294967295,0,0
ograss2,1280,1248,D160BC98,0,1,1,4294967295,0,0
ograss2,1248,1248,1B8CB41C,0,1,1,4294967295,0,0
ograss2,1216,1248,ABC1FFCC,0,1,1,4294967295,0,0
ograss2,1408,1248,07B22B4A,0,1,1,4294967295,0,0
ograss2,1440,1280,FA443CD3,0,1,1,4294967295,0,0
ograss2,1472,1280,AF9B8FDA,0,1,1,4294967295,0,0
ograss2,1504,1280,00584F14,0,1,1,4294967295,0,0
ograss2,1504,1312,33527119,0,1,1,4294967295,0,0
ograss2,1504,1344,AB0DB2E1,0,1,1,4294967295,0,0
ograss2,1504,1408,60AC9B91,0,1,1,4294967295,0,0
ograss2,1504,1504,B9DCD522,0,1,1,4294967295,0,0
ograss2,1504,1536,A269FDC2,0,1,1,4294967295,0,0
ograss2,1504,1568,F49B3521,0,1,1,4294967295,0,0
ograss2,1504,1600,094FA284,0,1,1,4294967295,0,0
ograss2,1536,1568,DD9E9095,0,1,1,4294967295,0,0
ograss2,1536,1600,679212BF,0,1,1,4294967295,0,0
ograss2,1536,1632,86A02C7F,0,1,1,4294967295,0,0
ograss2,1536,1664,04AD98A8,0,1,1,4294967295,0,0
ograss2,1536,1696,D30AEA42,0,1,1,4294967295,0,0
ograss2,1536,1728,FC71B93C,0,1,1,4294967295,0,0
ograss2,1536,1760,44EB5EB7,0,1,1,4294967295,0,0
ograss2,1504,1760,108311F3,0,1,1,4294967295,0,0
ograss2,1472,1760,627DF41B,0,1,1,4294967295,0,0
ograss2,1440,1760,367DF039,0,1,1,4294967295,0,0
ograss2,1408,1760,B52E4E51,0,1,1,4294967295,0,0
ograss2,1376,1760,968A2BB5,0,1,1,4294967295,0,0
ograss2,1344,1760,3E97EF87,0,1,1,4294967295,0,0
ograss2,1312,1760,B88B580E,0,1,1,4294967295,0,0
ograss2,1280,1760,65202F96,0,1,1,4294967295,0,0
ograss2,1248,1760,B67C4397,0,1,1,4294967295,0,0
ograss2,1216,1760,5DEEC60D,0,1,1,4294967295,0,0
ograss2,1184,1760,994ED62F,0,1,1,4294967295,0,0
ograss2,1152,1760,3DD06D83,0,1,1,4294967295,0,0
ograss2,1120,1760,582E7D8E,0,1,1,4294967295,0,0
ograss2,1088,1760,F410AFD7,0,1,1,4294967295,0,0
ograss2,1056,1760,EACAF478,0,1,1,4294967295,0,0
ograss2,1024,1760,26323328,0,1,1,4294967295,0,0
ograss2,992,1760,EFA712E8,0,1,1,4294967295,0,0
ograss2,960,1760,8A015000,0,1,1,4294967295,0,0
ograss2,928,1760,35DD8F32,0,1,1,4294967295,0,0
ograss2,896,1760,9B51C716,0,1,1,4294967295,0,0
ograss2,864,1760,A3C81D5E,0,1,1,4294967295,0,0
ograss2,832,1760,957AF797,0,1,1,4294967295,0,0
ograss2,832,1728,EBC5FAFE,0,1,1,4294967295,0,0
ograss2,864,1728,D64D4A00,0,1,1,4294967295,0,0
ograss2,896,1728,96D4DEC4,0,1,1,4294967295,0,0
ograss2,928,1728,EB6C431D,0,1,1,4294967295,0,0
ograss2,960,1728,F5610B88,0,1,1,4294967295,0,0
ograss2,992,1728,B24ECC3B,0,1,1,4294967295,0,0
ograss2,1024,1728,60CAFA75,0,1,1,4294967295,0,0
ograss2,1056,1728,94CC1A35,0,1,1,4294967295,0,0
ograss2,1088,1728,252A0D27,0,1,1,4294967295,0,0
ograss2,1120,1728,EAB15600,0,1,1,4294967295,0,0
ograss2,1152,1728,5619DA1A,0,1,1,4294967295,0,0
ograss2,1184,1728,D7B75252,0,1,1,4294967295,0,0
ograss2,1216,1728,F7399F6B,0,1,1,4294967295,0,0
ograss2,1248,1728,99DA0169,0,1,1,4294967295,0,0
ograss2,1280,1728,70EB1B94,0,1,1,4294967295,0,0
ograss2,1312,1728,FA509C9E,0,1,1,4294967295,0,0
ograss2,1344,1728,9B06F310,0,1,1,4294967295,0,0
ograss2,1376,1728,0B22BE41,0,1,1,4294967295,0,0
ograss2,1408,1728,91CDDE20,0,1,1,4294967295,0,0
ograss2,1440,1728,B5E0A520,0,1,1,4294967295,0,0
ograss2,1472,1728,CCE7A269,0,1,1,4294967295,0,0
ograss2,1504,1728,BB3B7E59,0,1,1,4294967295,0,0
ograss2,1504,1696,24F6B884,0,1,1,4294967295,0,0
ograss2,1504,1664,D1B727C6,0,1,1,4294967295,0,0
ograss2,1504,1632,2E9EE7E7,0,1,1,4294967295,0,0
ograss2,1472,1664,35990C21,0,1,1,4294967295,0,0
ograss2,1472,1696,5C6DC48F,0,1,1,4294967295,0,0
ograss2,1440,1696,5539A83D,0,1,1,4294967295,0,0
ograss2,1408,1696,FB7F1263,0,1,1,4294967295,0,0
ograss2,1376,1696,75FA310B,0,1,1,4294967295,0,0
ograss2,1344,1696,F4488F7E,0,1,1,4294967295,0,0
ograss2,1248,1696,275A3712,0,1,1,4294967295,0,0
ograss2,1184,1696,9810E03E,0,1,1,4294967295,0,0
ograss2,1152,1696,9FBBDCE4,0,1,1,4294967295,0,0
ograss2,1088,1696,D615DB81,0,1,1,4294967295,0,0
ograss2,1056,1696,7EEDCE70,0,1,1,4294967295,0,0
ograss2,1024,1696,DAC6CAA1,0,1,1,4294967295,0,0
ograss2,928,1696,33049457,0,1,1,4294967295,0,0
ograss2,1216,1696,A90A8C5E,0,1,1,4294967295,0,0
ograss2,1280,1696,C9E97A5F,0,1,1,4294967295,0,0
ograss2,1120,1696,503E112A,0,1,1,4294967295,0,0
ograss2,1024,1664,829C0BD9,0,1,1,4294967295,0,0
ograss2,960,1664,D1D1BEC1,0,1,1,4294967295,0,0
ograss2,992,1664,F774F421,0,1,1,4294967295,0,0
ograss2,1056,1664,7E980018,0,1,1,4294967295,0,0
ograss2,1120,1664,11AEE684,0,1,1,4294967295,0,0
ograss2,1152,1664,202806A8,0,1,1,4294967295,0,0
ograss2,1280,1664,7AA1828A,0,1,1,4294967295,0,0
ograss2,1312,1664,7B20503D,0,1,1,4294967295,0,0
ograss2,1376,1664,C4410525,0,1,1,4294967295,0,0
ograss2,1408,1664,6CFF0065,0,1,1,4294967295,0,0
ograss2,1440,1664,BE4CF2CE,0,1,1,4294967295,0,0
ograss2,1088,1664,D57926F6,0,1,1,4294967295,0,0
ograss2,1184,1664,FB551A7A,0,1,1,4294967295,0,0
ograss2,1248,1664,95327590,0,1,1,4294967295,0,0
ograss2,1344,1664,E3807A55,0,1,1,4294967295,0,0
ograss2,1408,1632,1C8D7A4C,0,1,1,4294967295,0,0
ograss2,1472,1632,61E4F2A6,0,1,1,4294967295,0,0
ograss2,1472,1600,D57A4B31,0,1,1,4294967295,0,0
ograss2,1472,1568,C7EEE3F4,0,1,1,4294967295,0,0
ograss2,1472,1536,59BB6663,0,1,1,4294967295,0,0
ograss2,1472,1504,26B9FDBC,0,1,1,4294967295,0,0
ograss2,1440,1568,BC4F8876,0,1,1,4294967295,0,0
ograss2,1440,1600,22CD7A3D,0,1,1,4294967295,0,0
ograss2,1408,1600,2DDE6678,0,1,1,4294967295,0,0
ograss2,1376,1600,B1B69D54,0,1,1,4294967295,0,0
ograss2,1344,1600,A6494CEB,0,1,1,4294967295,0,0
ograss2,1280,1600,53C9AE63,0,1,1,4294967295,0,0
ograss2,1216,1600,CEAB0D58,0,1,1,4294967295,0,0
ograss2,1184,1600,A9BC4F6A,0,1,1,4294967295,0,0
ograss2,1120,1600,2BB88029,0,1,1,4294967295,0,0
ograss2,1088,1600,094E734A,0,1,1,4294967295,0,0
ograss2,1024,1600,8CCA9540,0,1,1,4294967295,0,0
ograss2,992,1632,3B0CF412,0,1,1,4294967295,0,0
ograss2,960,1632,E9135AAC,0,1,1,4294967295,0,0
ograss2,1024,1632,9E9312FE,0,1,1,4294967295,0,0
ograss2,1120,1632,B9C79BC1,0,1,1,4294967295,0,0
ograss2,1152,1632,F3A11E11,0,1,1,4294967295,0,0
ograss2,1216,1632,A9BC429E,0,1,1,4294967295,0,0
ograss2,1280,1632,41D072C7,0,1,1,4294967295,0,0
ograss2,1344,1632,C9683087,0,1,1,4294967295,0,0
ograss2,1376,1632,3EF00F3D,0,1,1,4294967295,0,0
ograss2,1184,1632,A83DAADB,0,1,1,4294967295,0,0
ograss2,1088,1632,DBDC62D2,0,1,1,4294967295,0,0
ograss2,1056,1632,44AF13F1,0,1,1,4294967295,0,0
ograss2,1312,1632,B7BC0773,0,1,1,4294967295,0,0
ograss2,1248,1632,223D8A90,0,1,1,4294967295,0,0
ograss2,1312,1600,4B41949E,0,1,1,4294967295,0,0
ograss2,1312,1568,B62BEAD3,0,1,1,4294967295,0,0
ograss2,1376,1568,C8192D4B,0,1,1,4294967295,0,0
ograss2,1280,1568,58D3FA56,0,1,1,4294967295,0,0
ograss2,1248,1600,89565ED3,0,1,1,4294967295,0,0
ograss2,1152,1600,BDC389B4,0,1,1,4294967295,0,0
ograss2,1056,1600,3FB94E77,0,1,1,4294967295,0,0
ograss2,992,1600,DA1CDE58,0,1,1,4294967295,0,0
ograss2,960,1568,04D23AD5,0,1,1,4294967295,0,0
ograss2,1088,1568,44529C0D,0,1,1,4294967295,0,0
ograss2,1120,1568,C40D5AF3,0,1,1,4294967295,0,0
ograss2,1152,1568,5A2C28B6,0,1,1,4294967295,0,0
ograss2,1184,1568,142758F1,0,1,1,4294967295,0,0
ograss2,1248,1568,69EDDF17,0,1,1,4294967295,0,0
ograss2,1216,1568,A8F41755,0,1,1,4294967295,0,0
ograss2,1440,1472,D85CD46E,0,1,1,4294967295,0,0
ograss2,1440,1440,8A295B2F,0,1,1,4294967295,0,0
ograss2,1408,1472,696ACAF2,0,1,1,4294967295,0,0
ograss2,1408,1504,F3ED7D40,0,1,1,4294967295,0,0
ograss2,1408,1440,67EBAB23,0,1,1,4294967295,0,0
ograss2,1408,1408,0E772971,0,1,1,4294967295,0,0
ograss2,1472,1376,65010BDD,0,1,1,4294967295,0,0
ograss2,1472,1408,7631627A,0,1,1,4294967295,0,0
ograss2,1472,1344,E1304F73,0,1,1,4294967295,0,0
ograss2,1472,1312,42D12EB7,0,1,1,4294967295,0,0
ograss2,1408,1280,67EBA152,0,1,1,4294967295,0,0
ograss2,1376,1280,7AD9ECEB,0,1,1,4294967295,0,0
ograss2,1344,1280,3CF2ACEC,0,1,1,4294967295,0,0
ograss2,1312,1280,B64B93E7,0,1,1,4294967295,0,0
ograss2,1280,1280,2BD4C6A0,0,1,1,4294967295,0,0
ograss2,1216,1280,4346C79D,0,1,1,4294967295,0,0
ograss2,1184,1280,CF17A3ED,0,1,1,4294967295,0,0
ograss2,1152,1280,3E8AB783,0,1,1,4294967295,0,0
ograss2,1120,1280,7A8143AE,0,1,1,4294967295,0,0
ograss2,1088,1280,B421ACAD,0,1,1,4294967295,0,0
ograss2,1056,1280,D66A1FF0,0,1,1,4294967295,0,0
ograss2,928,1280,1626FCD2,0,1,1,4294967295,0,0
ograss2,960,1280,D57768D3,0,1,1,4294967295,0,0
ograss2,1024,1280,114943E7,0,1,1,4294967295,0,0
ograss2,1248,1280,C1514ADA,0,1,1,4294967295,0,0
ograss2,992,1280,EF9CA5F1,0,1,1,4294967295,0,0
ograss2,960,1312,9689E6EC,0,1,1,4294967295,0,0
ograss2,928,1312,AB540D2D,0,1,1,4294967295,0,0
ograss2,928,1344,4AE2E6BC,0,1,1,4294967295,0,0
ograss2,896,1344,58631DAB,0,1,1,4294967295,0,0
ograss2,896,1376,A05715C1,0,1,1,4294967295,0,0
ograss2,896,1408,064D9AF0,0,1,1,4294967295,0,0
ograss2,896,1440,E39227FE,0,1,1,4294967295,0,0
ograss2,896,1472,3F538EC1,0,1,1,4294967295,0,0
ograss2,896,1504,ADE280F6,0,1,1,4294967295,0,0
ograss2,928,1504,F5F645A5,0,1,1,4294967295,0,0
ograss2,960,1504,08A4B865,0,1,1,4294967295,0,0
ograss2,928,1536,D40F0EC3,0,1,1,4294967295,0,0
ograss2,960,1536,FF076618,0,1,1,4294967295,0,0
ograss2,992,1536,6D77A672,0,1,1,4294967295,0,0
ograss2,1024,1536,8BC7A510,0,1,1,4294967295,0,0
ograss2,1056,1536,584EED05,0,1,1,4294967295,0,0
ograss2,1120,1536,A1E13B2D,0,1,1,4294967295,0,0
ograss2,1184,1536,91EFF060,0,1,1,4294967295,0,0
ograss2,1216,1536,064C8075,0,1,1,4294967295,0,0
ograss2,1248,1536,691C3ACE,0,1,1,4294967295,0,0
ograss2,1280,1536,876C0779,0,1,1,4294967295,0,0
ograss2,1088,1536,C572935B,0,1,1,4294967295,0,0
ograss2,1152,1536,FE1E505A,0,1,1,4294967295,0,0
ograss2,992,1504,A96FEF06,0,1,1,4294967295,0,0
ograss2,1024,1504,FC0E56D5,0,1,1,4294967295,0,0
ograss2,1120,1472,5D9A8EC9,0,1,1,4294967295,0,0
ograss2,960,1472,083F12A8,0,1,1,4294967295,0,0
ograss2,1024,1440,1F0CD2ED,0,1,1,4294967295,0,0
ograss2,992,1440,07E9FA3B,0,1,1,4294967295,0,0
ograss2,928,1472,B7AEA54F,0,1,1,4294967295,0,0
ograss2,960,1440,18F382B6,0,1,1,4294967295,0,0
ograss2,928,1440,DFCAEB66,0,1,1,4294967295,0,0
ograss2,928,1408,69A41551,0,1,1,4294967295,0,0
ograss2,960,1376,16F1988C,0,1,1,4294967295,0,0
ograss2,960,1344,201DAD45,0,1,1,4294967295,0,0
ograss2,992,1376,4336079F,0,1,1,4294967295,0,0
ograss2,992,1344,B600B836,0,1,1,4294967295,0,0
ograss2,992,1312,8876B6AF,0,1,1,4294967295,0,0
ograss2,1024,1312,C6C0A6CB,0,1,1,4294967295,0,0
ograss2,1024,1344,A0C1759E,0,1,1,4294967295,0,0
ograss2,1024,1376,CBC10D42,0,1,1,4294967295,0,0
ograss2,1024,1408,FD7FD6DC,0,1,1,4294967295,0,0
ograss2,992,1408,E05A5F88,0,1,1,4294967295,0,0
ograss2,1056,1408,BB372C2B,0,1,1,4294967295,0,0
ograss2,1056,1376,3E4BC353,0,1,1,4294967295,0,0
ograss2,1056,1312,2AA9ED35,0,1,1,4294967295,0,0
ograss2,1088,1312,2B3714F2,0,1,1,4294967295,0,0
ograss2,1120,1312,5A7F2F44,0,1,1,4294967295,0,0
ograss2,1152,1312,8BDA164E,0,1,1,4294967295,0,0
ograss2,1184,1312,0A4AEAB5,0,1,1,4294967295,0,0
ograss2,1216,1312,F5993D80,0,1,1,4294967295,0,0
ograss2,1248,1312,15ECC99B,0,1,1,4294967295,0,0
ograss2,1280,1312,2841A2F5,0,1,1,4294967295,0,0
ograss2,1312,1312,8C269376,0,1,1,4294967295,0,0
ograss2,1344,1312,71398724,0,1,1,4294967295,0,0
ograss2,1376,1312,3C9EBC06,0,1,1,4294967295,0,0
ograss2,1408,1312,B18708BB,0,1,1,4294967295,0,0
ograss2,1440,1312,77F65DF1,0,1,1,4294967295,0,0
ograss2,1440,1344,F51ACB00,0,1,1,4294967295,0,0
ograss2,1408,1344,06438A8E,0,1,1,4294967295,0,0
ograss2,1344,1344,F94ECCDE,0,1,1,4294967295,0,0
ograss2,1280,1344,58F25D38,0,1,1,4294967295,0,0
ograss2,1216,1344,1746D007,0,1,1,4294967295,0,0
ograss2,1184,1344,B0232777,0,1,1,4294967295,0,0
ograss2,1152,1344,D44F7050,0,1,1,4294967295,0,0
ograss2,1088,1344,66EEEE77,0,1,1,4294967295,0,0
ograss2,1120,1344,BFDC6A01,0,1,1,4294967295,0,0
ograss2,1248,1344,01171CAF,0,1,1,4294967295,0,0
ograss2,1312,1344,84999053,0,1,1,4294967295,0,0
ograss2,1376,1344,8E2D1F66,0,1,1,4294967295,0,0
ograss2,1408,1376,C50347A5,0,1,1,4294967295,0,0
ograss2,1376,1376,778637FD,0,1,1,4294967295,0,0
ograss2,1312,1376,6E10869F,0,1,1,4294967295,0,0
ograss2,1248,1376,479114E5,0,1,1,4294967295,0,0
ograss2,1216,1376,8006135E,0,1,1,4294967295,0,0
ograss2,1152,1376,5954C8D4,0,1,1,4294967295,0,0
ograss2,1120,1376,14E0B7B9,0,1,1,4294967295,0,0
ograss2,1088,1376,11DAE440,0,1,1,4294967295,0,0
ograss2,1280,1376,68476658,0,1,1,4294967295,0,0
ograss2,1344,1376,6534B7F0,0,1,1,4294967295,0,0
ograss2,1440,1376,3C2A852C,0,1,1,4294967295,0,0
ograss2,1248,1408,C3F6AC0C,0,1,1,4294967295,0,0
ograss2,1216,1408,0531E4D4,0,1,1,4294967295,0,0
ograss2,1120,1408,63283C59,0,1,1,4294967295,0,0
ograss2,1184,1376,E9073F25,0,1,1,4294967295,0,0
ograss2,1376,1408,4BA12B39,0,1,1,4294967295,0,0
ograss2,1344,1408,3F400CC3,0,1,1,4294967295,0,0
ograss2,1280,1408,930EF64E,0,1,1,4294967295,0,0
ograss2,1344,1440,40D30ED3,0,1,1,4294967295,0,0
ograss2,1312,1408,D1269601,0,1,1,4294967295,0,0
ograss2,1248,1440,F02B4CE7,0,1,1,4294967295,0,0
ograss2,1184,1440,FD04187B,0,1,1,4294967295,0,0
ograss2,1248,1472,B6043925,0,1,1,4294967295,0,0
ograss2,1248,1504,A64E85FA,0,1,1,4294967295,0,0
ograss2,1280,1440,A17D1CC8,0,1,1,4294967295,0,0
ograss2,1120,1504,5F0749E6,0,1,1,4294967295,0,0
ograss2,1056,1440,DF04F3EF,0,1,1,4294967295,0,0
ograss2,1088,1440,917F2610,0,1,1,4294967295,0,0
ograss2,1088,1408,89E7E1ED,0,1,1,4294967295,0,0
ograss2,1216,1472,148193DF,0,1,1,4294967295,0,0
ograss2,1152,1408,62534C96,0,1,1,4294967295,0,0
ograss2,64,1248,13BFE98E,0,1,1,4294967295,0,0
ograss2,96,1248,6452FC71,0,1,1,4294967295,0,0
ograss2,128,1248,5A9A750F,0,1,1,4294967295,0,0
ograss2,160,1248,63895DB2,0,1,1,4294967295,0,0
ograss2,192,1248,6493D4D6,0,1,1,4294967295,0,0
ograss2,224,1248,0ABBAB90,0,1,1,4294967295,0,0
ograss2,256,1248,EBB8F46B,0,1,1,4294967295,0,0
ograss2,256,1280,0963207C,0,1,1,4294967295,0,0
ograss2,256,1312,853A61F5,0,1,1,4294967295,0,0
ograss2,224,1280,76E72739,0,1,1,4294967295,0,0
ograss2,256,1440,0111B7FE,0,1,1,4294967295,0,0
ograss2,224,1440,09B8C949,0,1,1,4294967295,0,0
ograss2,224,1408,2B37A51F,0,1,1,4294967295,0,0
ograss2,224,1472,66355BD4,0,1,1,4294967295,0,0
ograss2,192,1440,17597C82,0,1,1,4294967295,0,0
ograss2,160,1440,A1AF5D57,0,1,1,4294967295,0,0
ograss2,128,1440,F4EB4397,0,1,1,4294967295,0,0
ograss2,96,1440,70D4E100,0,1,1,4294967295,0,0
ograss2,64,1440,41D7864A,0,1,1,4294967295,0,0
ograss2,64,1408,0AE5E5C9,0,1,1,4294967295,0,0
ograss2,32,1376,3BB62A0A,0,1,1,4294967295,0,0
ograss2,32,1408,209C5AC1,0,1,1,4294967295,0,0
ograss2,32,1344,9BF7EE6F,0,1,1,4294967295,0,0
ograss2,32,1312,7507AA35,0,1,1,4294967295,0,0
ograss2,32,1280,38D531CF,0,1,1,4294967295,0,0
ograss2,32,1440,C07974C6,0,1,1,4294967295,0,0
ograss2,32,1472,000FACFA,0,1,1,4294967295,0,0
ograss2,32,1504,0C035B9D,0,1,1,4294967295,0,0
ograss2,32,1536,415C180D,0,1,1,4294967295,0,0
ograss2,32,1568,943F63C9,0,1,1,4294967295,0,0
ograss2,32,1600,CC76B2D9,0,1,1,4294967295,0,0
ograss2,32,1632,73A3073E,0,1,1,4294967295,0,0
ograss2,32,1664,1E818BDC,0,1,1,4294967295,0,0
ograss2,32,1696,74E6BF01,0,1,1,4294967295,0,0
ograss2,32,1728,79DF12B9,0,1,1,4294967295,0,0
ograss2,32,1760,330E65AD,0,1,1,4294967295,0,0
ograss2,64,1760,67B6161A,0,1,1,4294967295,0,0
ograss2,96,1760,D551920C,0,1,1,4294967295,0,0
ograss2,128,1760,A5CE853C,0,1,1,4294967295,0,0
ograss2,160,1760,801E7EDB,0,1,1,4294967295,0,0
ograss2,192,1760,44308D83,0,1,1,4294967295,0,0
ograss2,224,1760,12F36DA4,0,1,1,4294967295,0,0
ograss2,256,1760,3AE1E594,0,1,1,4294967295,0,0
ograss2,288,1760,2516B003,0,1,1,4294967295,0,0
ograss2,320,1760,FE8942A9,0,1,1,4294967295,0,0
ograss2,352,1760,2D8A33FD,0,1,1,4294967295,0,0
ograss2,384,1760,470A1528,0,1,1,4294967295,0,0
ograss2,416,1760,A5191ECA,0,1,1,4294967295,0,0
ograss2,448,1760,EC45E5CD,0,1,1,4294967295,0,0
ograss2,480,1760,A2B77E96,0,1,1,4294967295,0,0
ograss2,512,1760,16E4A6DF,0,1,1,4294967295,0,0
ograss2,544,1760,6D9B1E1E,0,1,1,4294967295,0,0
ograss2,576,1760,B90CC016,0,1,1,4294967295,0,0
ograss2,608,1760,0686FA55,0,1,1,4294967295,0,0
ograss2,640,1760,369C5473,0,1,1,4294967295,0,0
ograss2,672,1760,50CA6A2A,0,1,1,4294967295,0,0
ograss2,704,1760,2C7C68A8,0,1,1,4294967295,0,0
ograss2,736,1760,54A1284F,0,1,1,4294967295,0,0
ograss2,736,1728,43F9D9DF,0,1,1,4294967295,0,0
ograss2,736,1632,6F69135F,0,1,1,4294967295,0,0
ograss2,736,1600,5043BDFF,0,1,1,4294967295,0,0
ograss2,736,1568,2B16B954,0,1,1,4294967295,0,0
ograss2,736,1536,21681B21,0,1,1,4294967295,0,0
ograss2,736,1504,9CC02EB5,0,1,1,4294967295,0,0
ograss2,704,1504,8843F23E,0,1,1,4294967295,0,0
ograss2,704,1472,FC377750,0,1,1,4294967295,0,0
ograss2,704,1440,700E5A43,0,1,1,4294967295,0,0
ograss2,736,1440,4C61E649,0,1,1,4294967295,0,0
ograss2,736,1408,1006962C,0,1,1,4294967295,0,0
ograss2,736,1472,0382AF17,0,1,1,4294967295,0,0
ograss2,736,1376,ED900B58,0,1,1,4294967295,0,0
ograss2,736,1344,0A538279,0,1,1,4294967295,0,0
ograss2,736,1312,E682C944,0,1,1,4294967295,0,0
ograss2,736,1280,CF57BD6E,0,1,1,4294967295,0,0
ograss2,736,1248,F5063E5E,0,1,1,4294967295,0,0
ograss2,704,1248,A0B5376A,0,1,1,4294967295,0,0
ograss2,672,1248,AE47025E,0,1,1,4294967295,0,0
ograss2,640,1248,0E0BF54D,0,1,1,4294967295,0,0
ograss2,608,1248,CE14796C,0,1,1,4294967295,0,0
ograss2,576,1248,58BA15FE,0,1,1,4294967295,0,0
ograss2,544,1248,77877C88,0,1,1,4294967295,0,0
ograss2,512,1248,9E08EB3E,0,1,1,4294967295,0,0
ograss2,480,1248,44CED222,0,1,1,4294967295,0,0
ograss2,448,1248,4D8D471E,0,1,1,4294967295,0,0
ograss2,416,1248,76D0863E,0,1,1,4294967295,0,0
ograss2,384,1248,A0E1BECB,0,1,1,4294967295,0,0
ograss2,352,1248,1FF6C86D,0,1,1,4294967295,0,0
ograss2,320,1248,EB9EB851,0,1,1,4294967295,0,0
ograss2,288,1248,49904133,0,1,1,4294967295,0,0
ograss2,288,1280,715DB734,0,1,1,4294967295,0,0
ograss2,320,1280,7DED5B61,0,1,1,4294967295,0,0
ograss2,352,1280,FC247D24,0,1,1,4294967295,0,0
ograss2,384,1280,679215B7,0,1,1,4294967295,0,0
ograss2,416,1280,92E92FB8,0,1,1,4294967295,0,0
ograss2,448,1280,7381C0A0,0,1,1,4294967295,0,0
ograss2,480,1280,3DDC76F4,0,1,1,4294967295,0,0
ograss2,512,1280,EE6FCE03,0,1,1,4294967295,0,0
ograss2,544,1280,B17A293C,0,1,1,4294967295,0,0
ograss2,576,1280,C25EF2F3,0,1,1,4294967295,0,0
ograss2,608,1280,D839A1B0,0,1,1,4294967295,0,0
ograss2,640,1280,86E0CC0B,0,1,1,4294967295,0,0
ograss2,672,1280,C0EAC572,0,1,1,4294967295,0,0
ograss2,704,1280,CF604D8E,0,1,1,4294967295,0,0
ograss2,704,1312,1AD5C88B,0,1,1,4294967295,0,0
ograss2,704,1344,DCCAB1BB,0,1,1,4294967295,0,0
ograss2,704,1376,EE1B3E13,0,1,1,4294967295,0,0
ograss2,704,1408,A94063E1,0,1,1,4294967295,0,0
ograss2,704,1536,6070A209,0,1,1,4294967295,0,0
ograss2,704,1568,1A22F7AB,0,1,1,4294967295,0,0
ograss2,704,1600,7B027D98,0,1,1,4294967295,0,0
ograss2,704,1632,2A458CD4,0,1,1,4294967295,0,0
ograss2,704,1728,F8DC762C,0,1,1,4294967295,0,0
ograss2,672,1728,D02552AB,0,1,1,4294967295,0,0
ograss2,640,1728,280FC1AA,0,1,1,4294967295,0,0
ograss2,608,1728,A0334A31,0,1,1,4294967295,0,0
ograss2,576,1728,17BF2AFF,0,1,1,4294967295,0,0
ograss2,544,1728,E253F2B4,0,1,1,4294967295,0,0
ograss2,512,1728,A4D26061,0,1,1,4294967295,0,0
ograss2,480,1728,F00C1D69,0,1,1,4294967295,0,0
ograss2,448,1728,D8D276DE,0,1,1,4294967295,0,0
ograss2,416,1728,53A3F1D5,0,1,1,4294967295,0,0
ograss2,384,1728,17418443,0,1,1,4294967295,0,0
ograss2,352,1728,07E39BB8,0,1,1,4294967295,0,0
ograss2,320,1728,5E9633AE,0,1,1,4294967295,0,0
ograss2,288,1728,B9C44630,0,1,1,4294967295,0,0
ograss2,256,1728,2F8CB04F,0,1,1,4294967295,0,0
ograss2,224,1728,A5E35239,0,1,1,4294967295,0,0
ograss2,192,1728,F85027E3,0,1,1,4294967295,0,0
ograss2,160,1728,56B67C53,0,1,1,4294967295,0,0
ograss2,128,1728,59C78516,0,1,1,4294967295,0,0
ograss2,96,1728,44A62340,0,1,1,4294967295,0,0
ograss2,64,1728,3A8F1414,0,1,1,4294967295,0,0
ograss2,64,1696,53346304,0,1,1,4294967295,0,0
ograss2,64,1664,B44D6D4E,0,1,1,4294967295,0,0
ograss2,96,1696,045375BE,0,1,1,4294967295,0,0
ograss2,64,1632,D6C3B759,0,1,1,4294967295,0,0
ograss2,64,1600,617B8F53,0,1,1,4294967295,0,0
ograss2,64,1472,4E62C14D,0,1,1,4294967295,0,0
ograss2,64,1504,BED3217D,0,1,1,4294967295,0,0
ograss2,64,1536,DDC69ACF,0,1,1,4294967295,0,0
ograss2,64,1568,096488DB,0,1,1,4294967295,0,0
ograss2,96,1472,658B165A,0,1,1,4294967295,0,0
ograss2,96,1536,D57787F0,0,1,1,4294967295,0,0
ograss2,96,1568,54177453,0,1,1,4294967295,0,0
ograss2,96,1632,4D67DB31,0,1,1,4294967295,0,0
ograss2,96,1600,98399B71,0,1,1,4294967295,0,0
ograss2,96,1504,C24558E7,0,1,1,4294967295,0,0
ograss2,96,1664,BC9BD8A4,0,1,1,4294967295,0,0
ograss2,128,1664,087828A6,0,1,1,4294967295,0,0
ograss2,128,1696,76F09E9E,0,1,1,4294967295,0,0
ograss2,128,1632,67BDCB59,0,1,1,4294967295,0,0
ograss2,128,1568,993E3556,0,1,1,4294967295,0,0
ograss2,128,1536,DB3E9582,0,1,1,4294967295,0,0
ograss2,128,1504,1F795862,0,1,1,4294967295,0,0
ograss2,128,1472,6FED9D99,0,1,1,4294967295,0,0
ograss2,128,1600,9EC305DC,0,1,1,4294967295,0,0
ograss2,160,1632,F1B9DBBA,0,1,1,4294967295,0,0
ograss2,160,1568,72870D6D,0,1,1,4294967295,0,0
ograss2,160,1504,1C94CB55,0,1,1,4294967295,0,0
ograss2,160,1472,D060B13E,0,1,1,4294967295,0,0
ograss2,160,1536,6DCC083C,0,1,1,4294967295,0,0
ograss2,160,1600,FFE0C113,0,1,1,4294967295,0,0
ograss2,160,1664,9AFEFAA3,0,1,1,4294967295,0,0
ograss2,160,1696,6125BC93,0,1,1,4294967295,0,0
ograss2,192,1696,C9A4AC91,0,1,1,4294967295,0,0
ograss2,224,1696,1672B08B,0,1,1,4294967295,0,0
ograss2,288,1696,9BF422D7,0,1,1,4294967295,0,0
ograss2,320,1696,A63646C8,0,1,1,4294967295,0,0
ograss2,352,1696,7A4FBF7A,0,1,1,4294967295,0,0
ograss2,416,1696,9841D5DD,0,1,1,4294967295,0,0
ograss2,448,1696,AA00DF9A,0,1,1,4294967295,0,0
ograss2,480,1696,44DEBC9A,0,1,1,4294967295,0,0
ograss2,512,1696,8928BAF6,0,1,1,4294967295,0,0
ograss2,384,1696,1CCEFD25,0,1,1,4294967295,0,0
ograss2,256,1696,CD5EF7A3,0,1,1,4294967295,0,0
ograss2,192,1664,9F3C79EB,0,1,1,4294967295,0,0
ograss2,192,1632,A09E7180,0,1,1,4294967295,0,0
ograss2,192,1600,FE388BD8,0,1,1,4294967295,0,0
ograss2,192,1568,D11A2272,0,1,1,4294967295,0,0
ograss2,192,1536,34346621,0,1,1,4294967295,0,0
ograss2,192,1504,03722719,0,1,1,4294967295,0,0
ograss2,192,1472,BF371A20,0,1,1,4294967295,0,0
ograss2,256,1472,8338D3E9,0,1,1,4294967295,0,0
ograss2,224,1504,8A279FB5,0,1,1,4294967295,0,0
ograss2,288,1472,65748C06,0,1,1,4294967295,0,0
ograss2,256,1504,630B4A4E,0,1,1,4294967295,0,0
ograss2,224,1536,876115C2,0,1,1,4294967295,0,0
ograss2,288,1504,1447C334,0,1,1,4294967295,0,0
ograss2,320,1504,408517CC,0,1,1,4294967295,0,0
ograss2,256,1536,600BC0E8,0,1,1,4294967295,0,0
ograss2,224,1568,D15409EA,0,1,1,4294967295,0,0
ograss2,320,1536,AEFC2C37,0,1,1,4294967295,0,0
ograss2,256,1568,F37233DF,0,1,1,4294967295,0,0
ograss2,288,1568,0E02D2AF,0,1,1,4294967295,0,0
ograss2,288,1536,EB2922FD,0,1,1,4294967295,0,0
ograss2,224,1600,A2D8BE31,0,1,1,4294967295,0,0
ograss2,224,1632,314EA8E1,0,1,1,4294967295,0,0
ograss2,256,1600,0A99C811,0,1,1,4294967295,0,0
ograss2,320,1568,7C47765F,0,1,1,4294967295,0,0
ograss2,352,1536,9324ADBB,0,1,1,4294967295,0,0
ograss2,288,1632,AC534974,0,1,1,4294967295,0,0
ograss2,320,1600,689DB593,0,1,1,4294967295,0,0
ograss2,256,1632,A3468C9E,0,1,1,4294967295,0,0
ograss2,352,1600,D02C8CD9,0,1,1,4294967295,0,0
ograss2,416,1600,9E7D9179,0,1,1,4294967295,0,0
ograss2,256,1664,5A9CED9C,0,1,1,4294967295,0,0
ograss2,320,1632,83A4CFE6,0,1,1,4294967295,0,0
ograss2,384,1632,371B8AC0,0,1,1,4294967295,0,0
ograss2,416,1632,A7FD2D8D,0,1,1,4294967295,0,0
ograss2,352,1632,3C196248,0,1,1,4294967295,0,0
ograss2,288,1664,ACDE0E03,0,1,1,4294967295,0,0
ograss2,224,1664,2554FEAC,0,1,1,4294967295,0,0
ograss2,320,1664,9A13A68E,0,1,1,4294967295,0,0
ograss2,448,1632,E006C418,0,1,1,4294967295,0,0
ograss2,576,1632,FCDB974C,0,1,1,4294967295,0,0
ograss2,608,1632,1DAA2A37,0,1,1,4294967295,0,0
ograss2,416,1664,469C7272,0,1,1,4294967295,0,0
ograss2,384,1664,3A074AA5,0,1,1,4294967295,0,0
ograss2,352,1664,AC53437C,0,1,1,4294967295,0,0
ograss2,448,1664,C2BD8A9A,0,1,1,4294967295,0,0
ograss2,480,1664,CEF15219,0,1,1,4294967295,0,0
ograss2,640,1632,CDEB5568,0,1,1,4294967295,0,0
ograss2,640,1600,D85825AE,0,1,1,4294967295,0,0
ograss2,672,1600,D5ADFC42,0,1,1,4294967295,0,0
ograss2,672,1632,B62A8332,0,1,1,4294967295,0,0
ograss2,672,1568,378F6810,0,1,1,4294967295,0,0
ograss2,672,1536,9A556329,0,1,1,4294967295,0,0
ograss2,672,1504,D08893DF,0,1,1,4294967295,0,0
ograss2,672,1472,3385419C,0,1,1,4294967295,0,0
ograss2,672,1440,1C079C16,0,1,1,4294967295,0,0
ograss2,672,1408,F6022853,0,1,1,4294967295,0,0
ograss2,672,1376,290273E7,0,1,1,4294967295,0,0
ograss2,672,1344,2010E865,0,1,1,4294967295,0,0
ograss2,672,1312,3329D75E,0,1,1,4294967295,0,0
ograss2,640,1312,230B5C96,0,1,1,4294967295,0,0
ograss2,608,1312,A34EE754,0,1,1,4294967295,0,0
ograss2,544,1312,96AE927A,0,1,1,4294967295,0,0
ograss2,480,1312,1E1B9027,0,1,1,4294967295,0,0
ograss2,416,1312,861503DF,0,1,1,4294967295,0,0
ograss2,384,1312,E5FCED60,0,1,1,4294967295,0,0
ograss2,352,1312,B06BA69F,0,1,1,4294967295,0,0
ograss2,320,1312,0580C33A,0,1,1,4294967295,0,0
ograss2,288,1312,B6292D1B,0,1,1,4294967295,0,0
ograss2,448,1312,5359C69B,0,1,1,4294967295,0,0
ograss2,512,1312,18672554,0,1,1,4294967295,0,0
ograss2,576,1312,ECC9B07A,0,1,1,4294967295,0,0
ograss2,640,1344,8927761C,0,1,1,4294967295,0,0
ograss2,640,1376,F57259D3,0,1,1,4294967295,0,0
ograss2,640,1408,38F93E02,0,1,1,4294967295,0,0
ograss2,640,1440,6AE62C24,0,1,1,4294967295,0,0
ograss2,640,1472,E6F6F644,0,1,1,4294967295,0,0
ograss2,640,1504,8C93D04D,0,1,1,4294967295,0,0
ograss2,640,1536,1D4FECFE,0,1,1,4294967295,0,0
ograss2,640,1568,D2555FEF,0,1,1,4294967295,0,0
ograss2,608,1600,24C14429,0,1,1,4294967295,0,0
ograss2,576,1600,84E40B7A,0,1,1,4294967295,0,0
ograss2,544,1600,B0BD4534,0,1,1,4294967295,0,0
ograss2,512,1568,5DDC3E90,0,1,1,4294967295,0,0
ograss2,544,1568,83E815DA,0,1,1,4294967295,0,0
ograss2,576,1568,F2F09475,0,1,1,4294967295,0,0
ograss2,608,1568,07016C03,0,1,1,4294967295,0,0
ograss2,512,1536,800CA4D1,0,1,1,4294967295,0,0
ograss2,480,1536,F8FF7EDD,0,1,1,4294967295,0,0
ograss2,544,1536,FFC85504,0,1,1,4294967295,0,0
ograss2,576,1536,D5058587,0,1,1,4294967295,0,0
ograss2,608,1536,D22E0CB6,0,1,1,4294967295,0,0
ograss2,608,1504,C0F4A4C6,0,1,1,4294967295,0,0
ograss2,576,1504,22915830,0,1,1,4294967295,0,0
ograss2,544,1504,386298E6,0,1,1,4294967295,0,0
ograss2,480,1504,FCCA4DAF,0,1,1,4294967295,0,0
ograss2,448,1504,778696B2,0,1,1,4294967295,0,0
ograss2,384,1568,C6F6B143,0,1,1,4294967295,0,0
ograss2,384,1600,8F3423F7,0,1,1,4294967295,0,0
ograss2,352,1568,B0BDB016,0,1,1,4294967295,0,0
ograss2,288,1600,BA9B70A6,0,1,1,4294967295,0,0
ograss2,288,1344,8310B3D8,0,1,1,4294967295,0,0
ograss2,320,1344,15FA3094,0,1,1,4294967295,0,0
ograss2,352,1344,9477E323,0,1,1,4294967295,0,0
ograss2,384,1344,0FD2D70F,0,1,1,4294967295,0,0
ograss2,416,1344,FD9AF287,0,1,1,4294967295,0,0
ograss2,448,1344,F4FD6F18,0,1,1,4294967295,0,0
ograss2,480,1344,6481D1FB,0,1,1,4294967295,0,0
ograss2,512,1344,F28CBD4E,0,1,1,4294967295,0,0
ograss2,544,1344,E616E34F,0,1,1,4294967295,0,0
ograss2,576,1344,F7FDA8DB,0,1,1,4294967295,0,0
ograss2,608,1344,5AACFEDD,0,1,1,4294967295,0,0
ograss2,608,1376,7081469A,0,1,1,4294967295,0,0
ograss2,608,1408,6CB5F753,0,1,1,4294967295,0,0
ograss2,608,1440,2AF51038,0,1,1,4294967295,0,0
ograss2,608,1472,EFCA9548,0,1,1,4294967295,0,0
ograss2,544,1472,CE472E33,0,1,1,4294967295,0,0
ograss2,480,1472,DBC1BCE4,0,1,1,4294967295,0,0
ograss2,512,1504,635E66AF,0,1,1,4294967295,0,0
ograss2,576,1472,ADF3CE9A,0,1,1,4294967295,0,0
ograss2,576,1440,BAA2A997,0,1,1,4294967295,0,0
ograss2,576,1376,9387ABF9,0,1,1,4294967295,0,0
ograss2,512,1376,2F1FC71D,0,1,1,4294967295,0,0
ograss2,480,1376,8F44DE07,0,1,1,4294967295,0,0
ograss2,416,1376,E8533B8A,0,1,1,4294967295,0,0
ograss2,384,1376,735D0C58,0,1,1,4294967295,0,0
ograss2,352,1376,83DEC9BA,0,1,1,4294967295,0,0
ograss2,448,1376,80E2E463,0,1,1,4294967295,0,0
ograss2,544,1376,A66C002D,0,1,1,4294967295,0,0
ograss2,576,1408,57BD60AB,0,1,1,4294967295,0,0
ograss2,544,1408,8ECD7516,0,1,1,4294967295,0,0
ograss2,448,1408,F916FEB5,0,1,1,4294967295,0,0
ograss2,416,1408,FB8B86EB,0,1,1,4294967295,0,0
ograss2,384,1408,5139E66F,0,1,1,4294967295,0,0
ograss2,320,1376,B490360E,0,1,1,4294967295,0,0
ograss2,384,1440,65B60FC6,0,1,1,4294967295,0,0
ograss2,416,1440,148A6A21,0,1,1,4294967295,0,0
ograss2,448,1440,B7D0F530,0,1,1,4294967295,0,0
ograss2,480,1440,1F0B7040,0,1,1,4294967295,0,0
ograss2,512,1440,97EE44E0,0,1,1,4294967295,0,0
ograss2,544,1440,4CBE9413,0,1,1,4294967295,0,0
ograss2,512,1408,B34A1050,0,1,1,4294967295,0,0
ograss2,480,1408,12C2FF72,0,1,1,4294967295,0,0
ograss2,352,1408,F8C4DE24,0,1,1,4294967295,0,0
ograss2,416,1472,FB4FCD6D,0,1,1,4294967295,0,0
ograss2,448,1472,307492BB,0,1,1,4294967295,0,0
ograss2,512,1472,B8AA664A,0,1,1,4294967295,0,0
ograss2,2400,1568,F0540CC8,0,1,1,4294967295,0,0
ograss2,2400,1600,7DC9B101,0,1,1,4294967295,0,0
ograss2,2432,1600,EBF40D6D,0,1,1,4294967295,0,0
ograss2,2432,1568,0172E05F,0,1,1,4294967295,0,0
ograss2,2432,1536,AE37804B,0,1,1,4294967295,0,0
ograss2,2432,1504,2E0A24B3,0,1,1,4294967295,0,0
ograss2,2432,1472,DEEFCBCE,0,1,1,4294967295,0,0
ograss2,2464,1440,6E42760B,0,1,1,4294967295,0,0
ograss2,2464,1408,F9939074,0,1,1,4294967295,0,0
ograss2,2464,1376,BBD8FA29,0,1,1,4294967295,0,0
ograss2,2464,1344,F62788B1,0,1,1,4294967295,0,0
ograss2,2432,1376,5F260CA9,0,1,1,4294967295,0,0
ograss2,2432,1408,416FE689,0,1,1,4294967295,0,0
ograss2,2432,1440,10F1B1BC,0,1,1,4294967295,0,0
ograss2,2432,1344,FDFD4432,0,1,1,4294967295,0,0
ograss2,2432,1312,9543A358,0,1,1,4294967295,0,0
ograss2,2432,1280,FFEF71F5,0,1,1,4294967295,0,0
ograss2,2432,1248,6B8533A7,0,1,1,4294967295,0,0
ograss2,2464,1248,2240B4B8,0,1,1,4294967295,0,0
ograss2,2496,1248,21D11808,0,1,1,4294967295,0,0
ograss2,2528,1248,D205F591,0,1,1,4294967295,0,0
ograss2,2560,1248,DA7EF918,0,1,1,4294967295,0,0
ograss2,2592,1248,8D9DE1E3,0,1,1,4294967295,0,0
ograss2,2624,1248,1542335A,0,1,1,4294967295,0,0
ograss2,2656,1248,8261489E,0,1,1,4294967295,0,0
ograss2,2688,1248,F8EB95EE,0,1,1,4294967295,0,0
ograss2,2720,1248,EFF039EF,0,1,1,4294967295,0,0
ograss2,2752,1248,B2FADC05,0,1,1,4294967295,0,0
ograss2,2784,1248,7113065A,0,1,1,4294967295,0,0
ograss2,2816,1248,7502A7EB,0,1,1,4294967295,0,0
ograss2,2848,1248,9204BE11,0,1,1,4294967295,0,0
ograss2,2880,1248,BA46C26D,0,1,1,4294967295,0,0
ograss2,2912,1248,A8C60FBA,0,1,1,4294967295,0,0
ograss2,2944,1248,4E1D8AA2,0,1,1,4294967295,0,0
ograss2,2976,1248,C60FB528,0,1,1,4294967295,0,0
ograss2,3008,1248,B0D995CE,0,1,1,4294967295,0,0
ograss2,3040,1248,C8B7B7EF,0,1,1,4294967295,0,0
ograss2,3072,1248,628FA78B,0,1,1,4294967295,0,0
ograss2,3104,1248,54C8282E,0,1,1,4294967295,0,0
ograss2,3136,1344,B65C0E22,0,1,1,4294967295,0,0
ograss2,3136,1376,5ACED645,0,1,1,4294967295,0,0
ograss2,3104,1376,4FAF72CE,0,1,1,4294967295,0,0
ograss2,3104,1408,DFA44778,0,1,1,4294967295,0,0
ograss2,3136,1408,EF6EB467,0,1,1,4294967295,0,0
ograss2,3136,1440,6064C99F,0,1,1,4294967295,0,0
ograss2,3136,1472,450C3C75,0,1,1,4294967295,0,0
ograss2,3136,1504,6FA5D2D4,0,1,1,4294967295,0,0
ograss2,3136,1536,9DE32A5C,0,1,1,4294967295,0,0
ograss2,3136,1568,F47E301F,0,1,1,4294967295,0,0
ograss2,3136,1600,313A527E,0,1,1,4294967295,0,0
ograss2,3136,1632,283D133B,0,1,1,4294967295,0,0
ograss2,3136,1664,64A9DE74,0,1,1,4294967295,0,0
ograss2,3136,1696,69B1603D,0,1,1,4294967295,0,0
ograss2,3136,1728,F4E5EC78,0,1,1,4294967295,0,0
ograss2,3136,1760,938CB20E,0,1,1,4294967295,0,0
ograss2,3104,1760,07A14C34,0,1,1,4294967295,0,0
ograss2,3072,1760,183ED49E,0,1,1,4294967295,0,0
ograss2,3040,1760,ADDC3004,0,1,1,4294967295,0,0
ograss2,3008,1760,243DB1FC,0,1,1,4294967295,0,0
ograss2,2976,1760,8AD3DBA2,0,1,1,4294967295,0,0
ograss2,2944,1760,F5A8B770,0,1,1,4294967295,0,0
ograss2,2912,1760,9BC85096,0,1,1,4294967295,0,0
ograss2,2880,1760,E5BEC30C,0,1,1,4294967295,0,0
ograss2,2848,1760,016DF0F7,0,1,1,4294967295,0,0
ograss2,2816,1760,BA7C9D3B,0,1,1,4294967295,0,0
ograss2,2784,1760,50A66945,0,1,1,4294967295,0,0
ograss2,2752,1760,A8B9EF9F,0,1,1,4294967295,0,0
ograss2,2720,1760,D074F9FE,0,1,1,4294967295,0,0
ograss2,2688,1760,AC677B92,0,1,1,4294967295,0,0
ograss2,2656,1760,9B698628,0,1,1,4294967295,0,0
ograss2,2624,1760,BBA58142,0,1,1,4294967295,0,0
ograss2,2592,1760,AB521354,0,1,1,4294967295,0,0
ograss2,2560,1760,D417BBB2,0,1,1,4294967295,0,0
ograss2,2528,1760,5C2C9C0A,0,1,1,4294967295,0,0
ograss2,2496,1760,6FAA9B1A,0,1,1,4294967295,0,0
ograss2,2464,1760,375A879A,0,1,1,4294967295,0,0
ograss2,2432,1760,18635CF2,0,1,1,4294967295,0,0
ograss2,2432,1728,95EFA0A8,0,1,1,4294967295,0,0
ograss2,2432,1696,813C7157,0,1,1,4294967295,0,0
ograss2,2432,1664,8AE29911,0,1,1,4294967295,0,0
ograss2,2432,1632,E324A114,0,1,1,4294967295,0,0
ograss2,2464,1696,D7089E82,0,1,1,4294967295,0,0
ograss2,2464,1728,A67E1BC5,0,1,1,4294967295,0,0
ograss2,2464,1664,B7784B0D,0,1,1,4294967295,0,0
ograss2,2464,1632,59508033,0,1,1,4294967295,0,0
ograss2,2464,1600,82A543F7,0,1,1,4294967295,0,0
ograss2,2464,1568,19429758,0,1,1,4294967295,0,0
ograss2,2464,1536,36B0C965,0,1,1,4294967295,0,0
ograss2,2464,1504,67EC16A6,0,1,1,4294967295,0,0
ograss2,2464,1472,6947852C,0,1,1,4294967295,0,0
ograss2,2464,1312,D0D7D64F,0,1,1,4294967295,0,0
ograss2,2464,1280,AA241D12,0,1,1,4294967295,0,0
ograss2,2496,1280,A12A313D,0,1,1,4294967295,0,0
ograss2,2528,1280,7D390907,0,1,1,4294967295,0,0
ograss2,2560,1280,861B0E54,0,1,1,4294967295,0,0
ograss2,2592,1280,CBA53D9D,0,1,1,4294967295,0,0
ograss2,2656,1280,55FBF5E1,0,1,1,4294967295,0,0
ograss2,2688,1280,D10AAE8F,0,1,1,4294967295,0,0
ograss2,2720,1280,928AB96A,0,1,1,4294967295,0,0
ograss2,2752,1280,9FE91B96,0,1,1,4294967295,0,0
ograss2,2784,1280,78FF0B19,0,1,1,4294967295,0,0
ograss2,2816,1280,D660F030,0,1,1,4294967295,0,0
ograss2,2880,1280,103F05D0,0,1,1,4294967295,0,0
ograss2,2912,1280,5BECA44A,0,1,1,4294967295,0,0
ograss2,2944,1280,B7236E92,0,1,1,4294967295,0,0
ograss2,2976,1280,10E7A7A4,0,1,1,4294967295,0,0
ograss2,3008,1280,E6C1943C,0,1,1,4294967295,0,0
ograss2,2848,1280,7783B4EB,0,1,1,4294967295,0,0
ograss2,2624,1280,8932CF47,0,1,1,4294967295,0,0
ograss2,2944,1312,5150390C,0,1,1,4294967295,0,0
ograss2,2944,1344,62685D82,0,1,1,4294967295,0,0
ograss2,2944,1376,7AD6205F,0,1,1,4294967295,0,0
ograss2,2944,1408,FA77F3AA,0,1,1,4294967295,0,0
ograss2,2976,1408,7B855699,0,1,1,4294967295,0,0
ograss2,3008,1408,DAD9CC1E,0,1,1,4294967295,0,0
ograss2,3040,1408,3A05AD69,0,1,1,4294967295,0,0
ograss2,3072,1408,D1AA8469,0,1,1,4294967295,0,0
ograss2,3104,1440,C3555B4D,0,1,1,4294967295,0,0
ograss2,3104,1472,2D88CE68,0,1,1,4294967295,0,0
ograss2,3104,1504,CF36F9C4,0,1,1,4294967295,0,0
ograss2,3104,1536,AE414D7D,0,1,1,4294967295,0,0
ograss2,3104,1568,8CD4C2EE,0,1,1,4294967295,0,0
ograss2,3104,1600,F165C77F,0,1,1,4294967295,0,0
ograss2,3104,1632,41A6C0EA,0,1,1,4294967295,0,0
ograss2,3104,1664,A6309148,0,1,1,4294967295,0,0
ograss2,3104,1696,5A0DF004,0,1,1,4294967295,0,0
ograss2,3104,1728,86F18090,0,1,1,4294967295,0,0
ograss2,3072,1728,38C6AA08,0,1,1,4294967295,0,0
ograss2,3040,1728,B80C3685,0,1,1,4294967295,0,0
ograss2,3008,1728,F1025619,0,1,1,4294967295,0,0
ograss2,2976,1728,D1595450,0,1,1,4294967295,0,0
ograss2,2944,1728,3CFF395C,0,1,1,4294967295,0,0
ograss2,2912,1728,6DF5852C,0,1,1,4294967295,0,0
ograss2,2880,1728,652B2379,0,1,1,4294967295,0,0
ograss2,2848,1728,B22AE39F,0,1,1,4294967295,0,0
ograss2,2816,1728,05B000B8,0,1,1,4294967295,0,0
ograss2,2784,1728,22AA1E8E,0,1,1,4294967295,0,0
ograss2,2752,1728,DAA6B234,0,1,1,4294967295,0,0
ograss2,2720,1728,72BF71A7,0,1,1,4294967295,0,0
ograss2,2688,1728,CDBF79F1,0,1,1,4294967295,0,0
ograss2,2656,1728,E1792146,0,1,1,4294967295,0,0
ograss2,2624,1728,96F81948,0,1,1,4294967295,0,0
ograss2,2592,1728,40D1980C,0,1,1,4294967295,0,0
ograss2,2560,1728,AB860EAB,0,1,1,4294967295,0,0
ograss2,2528,1728,683F4779,0,1,1,4294967295,0,0
ograss2,2496,1728,5E699A5B,0,1,1,4294967295,0,0
ograss2,2496,1696,F4F664CE,0,1,1,4294967295,0,0
ograss2,2496,1664,2AF71430,0,1,1,4294967295,0,0
ograss2,2496,1632,11559A67,0,1,1,4294967295,0,0
ograss2,2496,1600,E6AD4620,0,1,1,4294967295,0,0
ograss2,2528,1696,1F0366F4,0,1,1,4294967295,0,0
ograss2,2528,1664,D2CA0CE8,0,1,1,4294967295,0,0
ograss2,2528,1632,0CE489BB,0,1,1,4294967295,0,0
ograss2,2496,1568,253826F0,0,1,1,4294967295,0,0
ograss2,2528,1600,D8AEA442,0,1,1,4294967295,0,0
ograss2,2560,1696,AEFE14D2,0,1,1,4294967295,0,0
ograss2,2560,1664,21821858,0,1,1,4294967295,0,0
ograss2,2528,1568,50D95424,0,1,1,4294967295,0,0
ograss2,2560,1600,22F68786,0,1,1,4294967295,0,0
ograss2,2560,1632,866684FC,0,1,1,4294967295,0,0
ograss2,2560,1536,F255AFAC,0,1,1,4294967295,0,0
ograss2,2528,1472,EE44C1B9,0,1,1,4294967295,0,0
ograss2,2528,1408,A5BCFDF7,0,1,1,4294967295,0,0
ograss2,2528,1376,C73E94E8,0,1,1,4294967295,0,0
ograss2,2528,1536,B8303A42,0,1,1,4294967295,0,0
ograss2,2528,1504,6461509C,0,1,1,4294967295,0,0
ograss2,2528,1440,B2205926,0,1,1,4294967295,0,0
ograss2,2496,1472,D9855548,0,1,1,4294967295,0,0
ograss2,2496,1536,4463F92B,0,1,1,4294967295,0,0
ograss2,2496,1504,A922FC7F,0,1,1,4294967295,0,0
ograss2,2496,1440,643C61F0,0,1,1,4294967295,0,0
ograss2,2496,1376,7885F682,0,1,1,4294967295,0,0
ograss2,2496,1344,60D0C195,0,1,1,4294967295,0,0
ograss2,2496,1312,A57B7DF3,0,1,1,4294967295,0,0
ograss2,2528,1312,6B4D6F9C,0,1,1,4294967295,0,0
ograss2,2560,1312,5E9871CE,0,1,1,4294967295,0,0
ograss2,2592,1312,5D03DA37,0,1,1,4294967295,0,0
ograss2,2624,1312,AD6BA97E,0,1,1,4294967295,0,0
ograss2,2656,1312,328A238A,0,1,1,4294967295,0,0
ograss2,2720,1312,B7F4DE27,0,1,1,4294967295,0,0
ograss2,2752,1312,3809E1E3,0,1,1,4294967295,0,0
ograss2,2784,1312,0A423028,0,1,1,4294967295,0,0
ograss2,2816,1312,FC6CBFB4,0,1,1,4294967295,0,0
ograss2,2848,1312,BE232098,0,1,1,4294967295,0,0
ograss2,2880,1312,C19D0805,0,1,1,4294967295,0,0
ograss2,2912,1312,722CD11A,0,1,1,4294967295,0,0
ograss2,2912,1344,8448BA40,0,1,1,4294967295,0,0
ograss2,2912,1376,DFB446A2,0,1,1,4294967295,0,0
ograss2,2912,1408,63D7D414,0,1,1,4294967295,0,0
ograss2,2944,1440,BF76442F,0,1,1,4294967295,0,0
ograss2,2944,1472,8BC242CE,0,1,1,4294967295,0,0
ograss2,2944,1504,D54D0C03,0,1,1,4294967295,0,0
ograss2,2944,1536,629D6F2F,0,1,1,4294967295,0,0
ograss2,2976,1536,C7860F06,0,1,1,4294967295,0,0
ograss2,2976,1504,1D5CD516,0,1,1,4294967295,0,0
ograss2,3008,1472,8E6C4AF0,0,1,1,4294967295,0,0
ograss2,3040,1440,79573852,0,1,1,4294967295,0,0
ograss2,3040,1472,04D9A53F,0,1,1,4294967295,0,0
ograss2,3072,1472,4ED6884D,0,1,1,4294967295,0,0
ograss2,3072,1440,05F3C3AE,0,1,1,4294967295,0,0
ograss2,3072,1504,5BF53F51,0,1,1,4294967295,0,0
ograss2,3072,1568,BDF0A32D,0,1,1,4294967295,0,0
ograss2,3040,1632,C8DE92E0,0,1,1,4294967295,0,0
ograss2,3040,1696,97BC5A35,0,1,1,4294967295,0,0
ograss2,3040,1664,24FCCDFC,0,1,1,4294967295,0,0
ograss2,3072,1600,9B8385F4,0,1,1,4294967295,0,0
ograss2,3072,1632,E16302C9,0,1,1,4294967295,0,0
ograss2,3072,1696,A1A5896E,0,1,1,4294967295,0,0
ograss2,3072,1664,F899DB8C,0,1,1,4294967295,0,0
ograss2,3072,1536,8830A1AB,0,1,1,4294967295,0,0
ograss2,3040,1536,B42E371A,0,1,1,4294967295,0,0
ograss2,3040,1600,00C51BF6,0,1,1,4294967295,0,0
ograss2,3008,1664,738DA9A4,0,1,1,4294967295,0,0
ograss2,3008,1696,6DEE6B1C,0,1,1,4294967295,0,0
ograss2,3008,1632,0569C75F,0,1,1,4294967295,0,0
ograss2,3008,1568,7117856C,0,1,1,4294967295,0,0
ograss2,3040,1568,FAF20924,0,1,1,4294967295,0,0
ograss2,3040,1504,A44611F2,0,1,1,4294967295,0,0
ograss2,3008,1504,62EC1A40,0,1,1,4294967295,0,0
ograss2,3008,1536,33BE67FF,0,1,1,4294967295,0,0
ograss2,3008,1600,8AC42443,0,1,1,4294967295,0,0
ograss2,2976,1696,957AFFBB,0,1,1,4294967295,0,0
ograss2,2944,1696,EE1CD02E,0,1,1,4294967295,0,0
ograss2,2912,1664,640140E2,0,1,1,4294967295,0,0
ograss2,2848,1664,177CB684,0,1,1,4294967295,0,0
ograss2,2784,1664,EC515DB7,0,1,1,4294967295,0,0
ograss2,2720,1664,78FE2A44,0,1,1,4294967295,0,0
ograss2,2688,1664,B030892C,0,1,1,4294967295,0,0
ograss2,2624,1664,FF01CDE2,0,1,1,4294967295,0,0
ograss2,2592,1664,731A4019,0,1,1,4294967295,0,0
ograss2,2592,1696,A4039D9A,0,1,1,4294967295,0,0
ograss2,2656,1696,B8B09A93,0,1,1,4294967295,0,0
ograss2,2688,1696,77080F96,0,1,1,4294967295,0,0
ograss2,2752,1696,43D7E7D5,0,1,1,4294967295,0,0
ograss2,2784,1696,D06D452D,0,1,1,4294967295,0,0
ograss2,2816,1696,69FBD3C2,0,1,1,4294967295,0,0
ograss2,2848,1696,7DA56501,0,1,1,4294967295,0,0
ograss2,2880,1696,B9E460C1,0,1,1,4294967295,0,0
ograss2,2912,1696,E2EAAF6A,0,1,1,4294967295,0,0
ograss2,2944,1664,C2838543,0,1,1,4294967295,0,0
ograss2,2976,1664,87AA7A3E,0,1,1,4294967295,0,0
ograss2,2752,1664,2F82C287,0,1,1,4294967295,0,0
ograss2,2656,1664,A8A8B025,0,1,1,4294967295,0,0
ograss2,2624,1696,430FFA55,0,1,1,4294967295,0,0
ograss2,2720,1696,F3571042,0,1,1,4294967295,0,0
ograss2,2976,1632,3035F392,0,1,1,4294967295,0,0
ograss2,2912,1632,79A1ED8C,0,1,1,4294967295,0,0
ograss2,2816,1664,6C1E5819,0,1,1,4294967295,0,0
ograss2,2880,1664,D8ABBCBE,0,1,1,4294967295,0,0
ograss2,2976,1600,E75DF520,0,1,1,4294967295,0,0
ograss2,2976,1568,725F13F8,0,1,1,4294967295,0,0
ograss2,2944,1632,CBA4D571,0,1,1,4294967295,0,0
ograss2,2944,1600,C512187C,0,1,1,4294967295,0,0
ograss2,2944,1568,229CA570,0,1,1,4294967295,0,0
ograss2,2976,1472,6CAB813D,0,1,1,4294967295,0,0
ograss2,2976,1440,606A8F52,0,1,1,4294967295,0,0
ograss2,3008,1440,40A8A1A1,0,1,1,4294967295,0,0
ograss2,2880,1408,5B8BDC74,0,1,1,4294967295,0,0
ograss2,2816,1376,D5490A59,0,1,1,4294967295,0,0
ograss2,2752,1344,6D529243,0,1,1,4294967295,0,0
ograss2,2720,1344,59F51ACB,0,1,1,4294967295,0,0
ograss2,2688,1344,E0EA62D1,0,1,1,4294967295,0,0
ograss2,2688,1312,F44FC8C4,0,1,1,4294967295,0,0
ograss2,2624,1344,2173F7BE,0,1,1,4294967295,0,0
ograss2,2592,1344,E75198A3,0,1,1,4294967295,0,0
ograss2,2528,1344,8C70074E,0,1,1,4294967295,0,0
ograss2,2560,1344,B99F875F,0,1,1,4294967295,0,0
ograss2,2656,1344,0DE9A2EF,0,1,1,4294967295,0,0
ograss2,2784,1344,6981C78C,0,1,1,4294967295,0,0
ograss2,2816,1344,1D386C32,0,1,1,4294967295,0,0
ograss2,2848,1344,BC6A6616,0,1,1,4294967295,0,0
ograss2,2880,1344,F2D993F2,0,1,1,4294967295,0,0
ograss2,2880,1376,29DBD5D4,0,1,1,4294967295,0,0
ograss2,2976,1312,BFF54ADA,0,1,1,4294967295,0,0
ograss2,2848,1376,4DAFFC61,0,1,1,4294967295,0,0
ograss2,2848,1408,C16BA8DA,0,1,1,4294967295,0,0
ograss2,2848,1440,F75F4573,0,1,1,4294967295,0,0
ograss2,2848,1472,A0E03942,0,1,1,4294967295,0,0
ograss2,2848,1504,75EB31F1,0,1,1,4294967295,0,0
ograss2,2880,1504,9C0FBB47,0,1,1,4294967295,0,0
ograss2,2912,1472,997E2F7B,0,1,1,4294967295,0,0
ograss2,2912,1440,6DF8CC8A,0,1,1,4294967295,0,0
ograss2,2912,1504,F42AB2F0,0,1,1,4294967295,0,0
ograss2,2912,1536,D31C9FEE,0,1,1,4294967295,0,0
ograss2,2912,1568,4368FD67,0,1,1,4294967295,0,0
ograss2,2912,1600,B5827333,0,1,1,4294967295,0,0
ograss2,2880,1632,431562A4,0,1,1,4294967295,0,0
ograss2,2848,1632,0B0FF808,0,1,1,4294967295,0,0
ograss2,2784,1632,1CC8810F,0,1,1,4294967295,0,0
ograss2,2752,1632,64BADAF3,0,1,1,4294967295,0,0
ograss2,2688,1632,72E5A6EC,0,1,1,4294967295,0,0
ograss2,2656,1632,E37983EB,0,1,1,4294967295,0,0
ograss2,2624,1632,C5EA4C72,0,1,1,4294967295,0,0
ograss2,2592,1632,9BE1383E,0,1,1,4294967295,0,0
ograss2,2592,1600,6D6148A2,0,1,1,4294967295,0,0
ograss2,2560,1568,7FF3FAB5,0,1,1,4294967295,0,0
ograss2,2560,1504,C998094D,0,1,1,4294967295,0,0
ograss2,2496,1408,A680023E,0,1,1,4294967295,0,0
ograss2,2560,1376,A3FBA74B,0,1,1,4294967295,0,0
ograss2,2592,1376,C24EE433,0,1,1,4294967295,0,0
ograss2,2624,1376,49391414,0,1,1,4294967295,0,0
ograss2,2656,1376,0624A9EE,0,1,1,4294967295,0,0
ograss2,2784,1376,7FA98684,0,1,1,4294967295,0,0
ograss2,2688,1376,4F3DE344,0,1,1,4294967295,0,0
ograss2,2752,1376,0EE43C37,0,1,1,4294967295,0,0
ograss2,2720,1376,7852494A,0,1,1,4294967295,0,0
ograss2,2816,1408,C3DA0B77,0,1,1,4294967295,0,0
ograss2,2880,1472,87AE674B,0,1,1,4294967295,0,0
ograss2,2880,1440,AC1B89EF,0,1,1,4294967295,0,0
ograss2,2880,1536,EDA63CF2,0,1,1,4294967295,0,0
ograss2,2880,1568,3ACEF156,0,1,1,4294967295,0,0
ograss2,2880,1600,4071FACD,0,1,1,4294967295,0,0
ograss2,2848,1600,6D03B110,0,1,1,4294967295,0,0
ograss2,2816,1600,63EF96A7,0,1,1,4294967295,0,0
ograss2,2752,1600,261258FF,0,1,1,4294967295,0,0
ograss2,2720,1600,8DCFE5DF,0,1,1,4294967295,0,0
ograss2,2784,1600,437BD4CA,0,1,1,4294967295,0,0
ograss2,2816,1632,4CE5AA9D,0,1,1,4294967295,0,0
ograss2,2720,1632,B102C447,0,1,1,4294967295,0,0
ograss2,2688,1600,61A6BA9B,0,1,1,4294967295,0,0
ograss2,2624,1600,D9A37373,0,1,1,4294967295,0,0
ograss2,2656,1600,269765FB,0,1,1,4294967295,0,0
ograss2,2848,1568,90893CA3,0,1,1,4294967295,0,0
ograss2,2784,1568,523B9ADC,0,1,1,4294967295,0,0
ograss2,2688,1568,847794DF,0,1,1,4294967295,0,0
ograss2,2624,1568,A2D6E2E8,0,1,1,4294967295,0,0
ograss2,2656,1568,3DFF4CBC,0,1,1,4294967295,0,0
ograss2,2752,1568,D2D8E140,0,1,1,4294967295,0,0
ograss2,2848,1536,5D64A10C,0,1,1,4294967295,0,0
ograss2,2784,1536,C0CF373E,0,1,1,4294967295,0,0
ograss2,2688,1536,DC59C68A,0,1,1,4294967295,0,0
ograss2,2752,1536,C8C0E886,0,1,1,4294967295,0,0
ograss2,2784,1504,2983997F,0,1,1,4294967295,0,0
ograss2,2720,1536,A270458C,0,1,1,4294967295,0,0
ograss2,2592,1536,594E2D6C,0,1,1,4294967295,0,0
ograss2,2720,1504,0778A3CF,0,1,1,4294967295,0,0
ograss2,2592,1568,657BCEEB,0,1,1,4294967295,0,0
ograss2,2816,1568,8920FD7F,0,1,1,4294967295,0,0
ograss2,2816,1536,48E03B0D,0,1,1,4294967295,0,0
ograss2,2816,1504,E6606351,0,1,1,4294967295,0,0
ograss2,2816,1472,3353F85B,0,1,1,4294967295,0,0
ograss2,2816,1440,152C294A,0,1,1,4294967295,0,0
ograss2,2784,1408,E6F14D52,0,1,1,4294967295,0,0
ograss2,2752,1408,B93A2622,0,1,1,4294967295,0,0
ograss2,2720,1408,81107236,0,1,1,4294967295,0,0
ograss2,2688,1408,F9C8B13F,0,1,1,4294967295,0,0
ograss2,2624,1408,27CF03AB,0,1,1,4294967295,0,0
ograss2,2592,1408,1672041A,0,1,1,4294967295,0,0
ograss2,2560,1408,E4E4FB4B,0,1,1,4294967295,0,0
ograss2,2560,1440,268B5835,0,1,1,4294967295,0,0
ograss2,2560,1472,D749B5A0,0,1,1,4294967295,0,0
ograss2,2624,1472,C4E604B4,0,1,1,4294967295,0,0
ograss2,2656,1440,98D1A896,0,1,1,4294967295,0,0
ograss2,2624,1440,DED7CE13,0,1,1,4294967295,0,0
ograss2,2656,1408,4CECFB45,0,1,1,4294967295,0,0
ograss2,2592,1440,E86F08AD,0,1,1,4294967295,0,0
ograss2,2592,1472,A3542F8A,0,1,1,4294967295,0,0
ograss2,2592,1504,4450BF84,0,1,1,4294967295,0,0
ograss2,2624,1504,84B0E3C8,0,1,1,4294967295,0,0
ograss2,2656,1472,88C8FD25,0,1,1,4294967295,0,0
ograss2,2688,1472,C28C9EB6,0,1,1,4294967295,0,0
ograss2,2688,1440,2AC3C404,0,1,1,4294967295,0,0
ograss2,2720,1440,746011D1,0,1,1,4294967295,0,0
ograss2,2752,1440,2C06BF6E,0,1,1,4294967295,0,0
ograss2,2784,1440,4B056655,0,1,1,4294967295,0,0
ograss2,2784,1472,12C291D3,0,1,1,4294967295,0,0
ograss2,2752,1504,8A018B73,0,1,1,4294967295,0,0
ograss2,2720,1568,5B30034B,0,1,1,4294967295,0,0
ograss2,2752,1472,6C38A9A9,0,1,1,4294967295,0,0
ograss2,2720,1472,21459620,0,1,1,4294967295,0,0
ograss2,2656,1504,FC899CDA,0,1,1,4294967295,0,0
ograss2,2688,1504,FB68CEA2,0,1,1,4294967295,0,0
ograss2,2656,1536,CBCEC361,0,1,1,4294967295,0,0
ograss2,2624,1536,791B52F0,0,1,1,4294967295,0,0
ograss3,992,1696,9EBC1D45,0,1,1,4294967295,0,0
ograss3,1024,1568,557A81A3,0,1,1,4294967295,0,0
ograss3,1216,1664,50870638,0,1,1,4294967295,0,0
ograss3,1152,1440,97174D2D,0,1,1,4294967295,0,0
ograss3,1312,1472,AD232302,0,1,1,4294967295,0,0
ograss3,1504,1376,C7B4117A,0,1,1,4294967295,0,0
ograss3,896,1312,B49CEA24,0,1,1,4294967295,0,0
ograss4,960,1696,72373E27,0,1,1,4294967295,0,0
ograss4,1056,1344,B026CEDA,0,1,1,4294967295,0,0
ograss4,1440,1408,925D7C8D,0,1,1,4294967295,0,0
ograss4,1440,1632,A07A3CFC,0,1,1,4294967295,0,0
ograss4,1312,1696,3797F1F4,0,1,1,4294967295,0,0
ograss4,1184,1504,E134E957,0,1,1,4294967295,0,0
ograss4,992,1472,BAB6C8F9,0,1,1,4294967295,0,0
ograss4,896,1536,2FC78682,0,1,1,4294967295,0,0
ograss1,160,1312,EC87B95C,0,1,1,4294967295,0,0
ograss1,192,1344,A4C2A989,0,1,1,4294967295,0,0
ograss1,192,1312,4198CF51,0,1,1,4294967295,0,0
ograss1,224,1312,691C325E,0,1,1,4294967295,0,0
ograss1,224,1344,32D21D28,0,1,1,4294967295,0,0
ograss1,160,1344,7F494304,0,1,1,4294967295,0,0
ograss1,224,1376,1D6A6C94,0,1,1,4294967295,0,0
ograss1,256,1376,E64DB4E6,0,1,1,4294967295,0,0
ograss1,256,1344,911219C5,0,1,1,4294967295,0,0
ograss1,256,1408,363AD39C,0,1,1,4294967295,0,0
ograss1,288,1376,B02352FB,0,1,1,4294967295,0,0
ograss1,288,1408,41014F75,0,1,1,4294967295,0,0
ograss1,288,1440,2A205AEE,0,1,1,4294967295,0,0
ograss1,320,1408,D03C678A,0,1,1,4294967295,0,0
ograss1,736,1664,626475F8,0,1,1,4294967295,0,0
ograss1,736,1696,63554E19,0,1,1,4294967295,0,0
ograss1,704,1664,D6C3A678,0,1,1,4294967295,0,0
ograss1,704,1696,82FD0627,0,1,1,4294967295,0,0
ograss1,768,1664,0451408A,0,1,1,4294967295,0,0
ograss1,768,1696,3720FDAF,0,1,1,4294967295,0,0
ograss1,672,1664,051E93C0,0,1,1,4294967295,0,0
ograss1,672,1696,C240B380,0,1,1,4294967295,0,0
ograss1,640,1696,4E99BFE8,0,1,1,4294967295,0,0
ograss1,640,1664,168A71E9,0,1,1,4294967295,0,0
ograss1,608,1696,10D6FE70,0,1,1,4294967295,0,0
ograss1,576,1696,16FF4E82,0,1,1,4294967295,0,0
ograss1,544,1696,838A0683,0,1,1,4294967295,0,0
ograss1,544,1664,7AA60C7B,0,1,1,4294967295,0,0
ograss1,576,1664,DA5D177B,0,1,1,4294967295,0,0
ograss1,608,1664,46E9A5DD,0,1,1,4294967295,0,0
ograss1,512,1664,BD121A68,0,1,1,4294967295,0,0
ograss1,544,1632,FFAAADAA,0,1,1,4294967295,0,0
ograss1,512,1632,1BA1C22D,0,1,1,4294967295,0,0
ograss1,480,1632,6736BF26,0,1,1,4294967295,0,0
ograss1,480,1600,ACAA27BD,0,1,1,4294967295,0,0
ograss1,512,1600,7FE37ECF,0,1,1,4294967295,0,0
ograss1,448,1600,0710491E,0,1,1,4294967295,0,0
ograss1,480,1568,A2E132C1,0,1,1,4294967295,0,0
ograss1,448,1568,CA3CEBE4,0,1,1,4294967295,0,0
ograss1,416,1568,F6B676D2,0,1,1,4294967295,0,0
ograss1,416,1536,C6E73830,0,1,1,4294967295,0,0
ograss1,448,1536,7C1EEDE5,0,1,1,4294967295,0,0
ograss1,384,1536,4C808AE5,0,1,1,4294967295,0,0
ograss1,416,1504,DF8B9AC1,0,1,1,4294967295,0,0
ograss1,384,1504,2DA1D0CF,0,1,1,4294967295,0,0
ograss1,352,1504,7F1560AB,0,1,1,4294967295,0,0
ograss1,352,1472,0AAA9AE8,0,1,1,4294967295,0,0
ograss1,384,1472,85F4D73B,0,1,1,4294967295,0,0
ograss1,320,1472,8486A871,0,1,1,4294967295,0,0
ograss1,352,1440,613673D1,0,1,1,4294967295,0,0
ograss1,320,1440,7870486A,0,1,1,4294967295,0,0
ograss1,928,1600,A6870AB0,0,1,1,4294967295,0,0
ograss1,896,1600,107DB827,0,1,1,4294967295,0,0
ograss1,896,1632,6BD69D22,0,1,1,4294967295,0,0
ograss1,928,1632,02420346,0,1,1,4294967295,0,0
ograss1,864,1632,2CF0EBA3,0,1,1,4294967295,0,0
ograss1,864,1664,BCCA8F2B,0,1,1,4294967295,0,0
ograss1,896,1664,95616E31,0,1,1,4294967295,0,0
ograss1,832,1664,89F1DFA0,0,1,1,4294967295,0,0
ograss1,832,1696,14F26D3A,0,1,1,4294967295,0,0
ograss1,864,1696,EB7310F2,0,1,1,4294967295,0,0
ograss1,800,1664,7779674F,0,1,1,4294967295,0,0
ograss1,800,1696,BB2B1605,0,1,1,4294967295,0,0
ostairsdown,96,1312,E6A62B5B,0,1,1,4294967295,0,0
odevblock_noback,768,1696,2398B22A,0,1,1,4294967295,0,0
odevblock_noback,768,1664,2F1CA523,0,1,1,4294967295,0,0
ostairsdown2,3072,1280,33657DD7,0,1,1,4294967295,0,0
oplayernoescapeoff,2400,1568,6C976238,0,1,1,4294967295,0,0
oplayernoescapeoff,2400,1600,9F8C27CF,0,1,1,4294967295,0,0
ofinal,2336,1536,DFCBE0D9,0,1,1,4294967295,0,0
ofinal,2336,1568,3944F461,0,1,1,4294967295,0,0
ofinal,2336,1600,0D363BAE,0,1,1,4294967295,0,0
ofinal,2336,1632,93D046B1,0,1,1,4294967295,0,0
onpc2,1984,1376,B43E2810,0,1,1,4294967295,0,0
oPlayer,3040,1312,18B6384B,0,1,1,4294967295,0,0
