owall1,0,0,003FF915,0,1,1,4294967295,0,0
owall1,0,32,0013EC8D,0,1,1,4294967295,0,0
owall1,0,64,00011B3D,0,1,1,4294967295,0,0
owall1,0,96,000383D7,0,1,1,4294967295,0,0
owall1,0,160,000A8EF4,0,1,1,4294967295,0,0
owall1,0,192,002A12C2,0,1,1,4294967295,0,0
owall1,0,224,002E90F6,0,1,1,4294967295,0,0
owall1,0,448,003D007E,0,1,1,4294967295,0,0
owall1,0,416,002730B0,0,1,1,4294967295,0,0
owall1,0,576,000FE74E,0,1,1,4294967295,0,0
owall1,32,576,0031B340,0,1,1,4294967295,0,0
owall1,0,512,003AAA95,0,1,1,4294967295,0,0
owall1,0,480,00315D1F,0,1,1,4294967295,0,0
owall1,0,288,0006E59B,0,1,1,4294967295,0,0
owall1,0,256,002F6252,0,1,1,4294967295,0,0
owall1,32,0,002B8C0A,0,1,1,4294967295,0,0
owall1,64,0,002904EB,0,1,1,4294967295,0,0
owall1,96,0,000AAEDC,0,1,1,4294967295,0,0
owall1,128,0,000D36F8,0,1,1,4294967295,0,0
owall1,192,0,0021D082,0,1,1,4294967295,0,0
owall1,224,0,0028F1ED,0,1,1,4294967295,0,0
owall1,256,0,001C3649,0,1,1,4294967295,0,0
owall1,384,0,001D5872,0,1,1,4294967295,0,0
owall1,416,0,002C9682,0,1,1,4294967295,0,0
owall1,448,0,001AD2D5,0,1,1,4294967295,0,0
owall1,480,0,003C8742,0,1,1,4294967295,0,0
owall1,512,0,001B472C,0,1,1,4294967295,0,0
owall1,544,0,0002DEF0,0,1,1,4294967295,0,0
owall1,320,0,003C43E2,0,1,1,4294967295,0,0
owall1,352,0,0019A813,0,1,1,4294967295,0,0
owall1,576,0,00094A43,0,1,1,4294967295,0,0
owall1,608,0,00245B14,0,1,1,4294967295,0,0
owall1,672,0,003B9456,0,1,1,4294967295,0,0
owall1,704,0,000C3B5D,0,1,1,4294967295,0,0
owall1,736,0,003B9A87,0,1,1,4294967295,0,0
owall1,768,0,0028E93B,0,1,1,4294967295,0,0
owall1,768,32,000B8D9F,0,1,1,4294967295,0,0
owall1,768,64,0020B3D8,0,1,1,4294967295,0,0
owall1,768,96,00267049,0,1,1,4294967295,0,0
owall1,768,192,001C5DD3,0,1,1,4294967295,0,0
owall1,768,224,001EB38E,0,1,1,4294967295,0,0
owall1,768,256,0020ACEF,0,1,1,4294967295,0,0
owall1,768,288,0006CDB6,0,1,1,4294967295,0,0
owall1,768,352,0023B6E0,0,1,1,4294967295,0,0
owall1,768,384,002520ED,0,1,1,4294967295,0,0
owall1,768,416,0007594D,0,1,1,4294967295,0,0
owall1,768,448,003F57E4,0,1,1,4294967295,0,0
owall1,768,512,00335023,0,1,1,4294967295,0,0
owall1,768,544,0040278D,0,1,1,4294967295,0,0
owall1,768,576,000ADD84,0,1,1,4294967295,0,0
owall1,768,576,0026FB7C,0,1,1,4294967295,0,0
owall1,736,576,00245BBF,0,1,1,4294967295,0,0
owall1,704,576,00318113,0,1,1,4294967295,0,0
owall1,672,576,00351C0C,0,1,1,4294967295,0,0
owall1,640,576,001EA5D4,0,1,1,4294967295,0,0
owall1,576,576,00362284,0,1,1,4294967295,0,0
owall1,544,576,0032E504,0,1,1,4294967295,0,0
owall1,512,576,000CFD9D,0,1,1,4294967295,0,0
owall1,480,576,0003EB5A,0,1,1,4294967295,0,0
owall1,448,576,00079A43,0,1,1,4294967295,0,0
owall1,416,576,0006A4CC,0,1,1,4294967295,0,0
owall1,352,576,000C5526,0,1,1,4294967295,0,0
owall1,320,576,00034101,0,1,1,4294967295,0,0
owall1,288,576,002BB3B8,0,1,1,4294967295,0,0
owall1,256,576,00018B43,0,1,1,4294967295,0,0
owall1,224,576,0025CD2B,0,1,1,4294967295,0,0
owall1,192,576,00093C0F,0,1,1,4294967295,0,0
owall1,160,576,001C6C18,0,1,1,4294967295,0,0
owall1,96,576,00302738,0,1,1,4294967295,0,0
owall1,128,576,001503C2,0,1,1,4294967295,0,0
owall2,160,0,002D45E5,0,1,1,4294967295,0,0
owall2,288,0,00350B38,0,1,1,4294967295,0,0
owall2,0,128,00341BBF,0,1,1,4294967295,0,0
owall2,0,320,003CFCD7,0,1,1,4294967295,0,0
owall2,0,544,001E6F75,0,1,1,4294967295,0,0
owall2,64,576,001AAA66,0,1,1,4294967295,0,0
owall2,384,576,002CF4FD,0,1,1,4294967295,0,0
owall2,608,576,000D18AF,0,1,1,4294967295,0,0
owall2,768,480,0016447A,0,1,1,4294967295,0,0
owall2,768,320,001EDD08,0,1,1,4294967295,0,0
owall2,640,0,00076BF4,0,1,1,4294967295,0,0
ograss4,32,32,002E4F64,0,1,1,4294967295,0,0
ograss1,736,32,0009D6A2,0,1,1,4294967295,0,0
ograss1,736,64,00057B2F,0,1,1,4294967295,0,0
ograss1,704,64,001FDCCE,0,1,1,4294967295,0,0
ograss1,672,96,0004008B,0,1,1,4294967295,0,0
ograss1,672,128,0023CB09,0,1,1,4294967295,0,0
ograss1,672,96,000229C2,0,1,1,4294967295,0,0
ograss1,672,128,000AA16F,0,1,1,4294967295,0,0
ograss1,672,160,001CFE8D,0,1,1,4294967295,0,0
ograss1,672,192,002D97B4,0,1,1,4294967295,0,0
ograss1,640,192,003811CD,0,1,1,4294967295,0,0
ograss1,608,192,003A92B1,0,1,1,4294967295,0,0
ograss1,608,224,00335349,0,1,1,4294967295,0,0
ograss1,576,224,00340E5D,0,1,1,4294967295,0,0
ograss1,544,224,0023ADCD,0,1,1,4294967295,0,0
ograss1,544,256,00025D21,0,1,1,4294967295,0,0
ograss1,544,288,0002B3C9,0,1,1,4294967295,0,0
ograss1,544,320,00195FC4,0,1,1,4294967295,0,0
ograss1,576,320,00308BB0,0,1,1,4294967295,0,0
ograss1,576,352,0027B723,0,1,1,4294967295,0,0
ograss1,576,384,00373D80,0,1,1,4294967295,0,0
ograss2,32,64,000618B2,0,1,1,4294967295,0,0
ograss2,32,96,00260614,0,1,1,4294967295,0,0
ograss2,32,128,0034CA45,0,1,1,4294967295,0,0
ograss2,32,160,002CF665,0,1,1,4294967295,0,0
ograss2,64,160,003F01FC,0,1,1,4294967295,0,0
ograss2,96,160,001295B8,0,1,1,4294967295,0,0
ograss2,96,128,00399F6E,0,1,1,4294967295,0,0
ograss2,64,128,000B79C4,0,1,1,4294967295,0,0
ograss2,64,160,002EACA8,0,1,1,4294967295,0,0
ograss2,64,128,003CDBCC,0,1,1,4294967295,0,0
ograss2,96,128,002CF463,0,1,1,4294967295,0,0
ograss2,96,96,0008C84C,0,1,1,4294967295,0,0
ograss2,128,96,000570E1,0,1,1,4294967295,0,0
ograss2,160,96,00358361,0,1,1,4294967295,0,0
ograss2,160,128,0037264E,0,1,1,4294967295,0,0
ograss2,160,160,003A0652,0,1,1,4294967295,0,0
ograss2,128,160,00197A90,0,1,1,4294967295,0,0
ograss2,128,128,00388667,0,1,1,4294967295,0,0
ograss2,160,128,003C5551,0,1,1,4294967295,0,0
ograss2,160,160,002442CE,0,1,1,4294967295,0,0
ograss2,128,160,0008200B,0,1,1,4294967295,0,0
ograss2,128,128,00137E81,0,1,1,4294967295,0,0
ograss2,128,96,000E5332,0,1,1,4294967295,0,0
ograss2,128,128,001287D3,0,1,1,4294967295,0,0
ograss2,128,160,002A6082,0,1,1,4294967295,0,0
ograss2,128,192,0021187D,0,1,1,4294967295,0,0
ograss2,128,224,003D5318,0,1,1,4294967295,0,0
ograss2,160,224,003FCEDA,0,1,1,4294967295,0,0
ograss2,160,192,0035CB6F,0,1,1,4294967295,0,0
ograss2,160,160,003005D6,0,1,1,4294967295,0,0
ograss2,160,192,000A768E,0,1,1,4294967295,0,0
ograss2,160,224,003A853B,0,1,1,4294967295,0,0
ograss2,160,192,003E9F76,0,1,1,4294967295,0,0
ograss2,192,192,00048838,0,1,1,4294967295,0,0
ograss2,192,160,001BB826,0,1,1,4294967295,0,0
ograss2,224,160,00368821,0,1,1,4294967295,0,0
ograss2,224,128,0015A48C,0,1,1,4294967295,0,0
ograss2,224,160,002E2AD3,0,1,1,4294967295,0,0
ograss2,192,160,000D2BF6,0,1,1,4294967295,0,0
ograss2,160,192,000BD895,0,1,1,4294967295,0,0
ograss2,160,224,00142E7F,0,1,1,4294967295,0,0
ograss2,192,192,003959AD,0,1,1,4294967295,0,0
ograss2,224,192,0020E84B,0,1,1,4294967295,0,0
ograss2,224,160,0039DFA0,0,1,1,4294967295,0,0
ograss2,256,160,0031C69E,0,1,1,4294967295,0,0
ograss2,256,128,001E65F0,0,1,1,4294967295,0,0
ograss2,256,160,000CC719,0,1,1,4294967295,0,0
ograss2,224,192,000CD002,0,1,1,4294967295,0,0
ograss2,192,192,00157E09,0,1,1,4294967295,0,0
ograss2,224,192,00138DA3,0,1,1,4294967295,0,0
ograss3,192,128,0002B3C4,0,1,1,4294967295,0,0
ograss3,256,32,002035C4,0,1,1,4294967295,0,0
ograss3,352,288,0021E78F,0,1,1,4294967295,0,0
ograss3,160,416,003EAF5F,0,1,1,4294967295,0,0
ograss3,416,448,001635DA,0,1,1,4294967295,0,0
ograss3,480,160,0037A265,0,1,1,4294967295,0,0
ograss3,640,512,0006DE3C,0,1,1,4294967295,0,0
ograss3,672,352,00116E8A,0,1,1,4294967295,0,0
ograss3,128,352,0038B3EA,0,1,1,4294967295,0,0
ograss3,576,96,0008F169,0,1,1,4294967295,0,0
ograss3,352,192,003E1CD3,0,1,1,4294967295,0,0
ograss3,256,352,002DFAFF,0,1,1,4294967295,0,0
ograss3,288,480,00129F35,0,1,1,4294967295,0,0
ograss3,128,480,0017F050,0,1,1,4294967295,0,0
ograss4,416,96,001A92DF,0,1,1,4294967295,0,0
ograss4,128,288,00381CB0,0,1,1,4294967295,0,0
ograss4,256,256,00120873,0,1,1,4294967295,0,0
ograss4,448,352,00138E84,0,1,1,4294967295,0,0
ograss4,64,416,003224AA,0,1,1,4294967295,0,0
ograss4,352,480,0015E44D,0,1,1,4294967295,0,0
ograss4,480,480,00119602,0,1,1,4294967295,0,0
ograss4,608,448,003DC1B9,0,1,1,4294967295,0,0
ograss4,704,416,0026D20E,0,1,1,4294967295,0,0
ograss4,448,256,002602DB,0,1,1,4294967295,0,0
ograss4,512,96,002AC330,0,1,1,4294967295,0,0
ograss2,64,96,0037A497,0,1,1,4294967295,0,0
ograss2,64,64,00065725,0,1,1,4294967295,0,0
ograss2,64,32,0016C0C9,0,1,1,4294967295,0,0
ograss2,96,32,000066DA,0,1,1,4294967295,0,0
ograss2,96,64,00010A09,0,1,1,4294967295,0,0
ograss2,96,32,001A5C27,0,1,1,4294967295,0,0
ograss2,128,32,00172992,0,1,1,4294967295,0,0
ograss2,128,64,002402CF,0,1,1,4294967295,0,0
ograss2,160,64,00320AF6,0,1,1,4294967295,0,0
ograss2,192,32,00060210,0,1,1,4294967295,0,0
ograss2,160,32,002BCDD0,0,1,1,4294967295,0,0
ograss2,128,32,001AC175,0,1,1,4294967295,0,0
ograss2,160,32,003D96FC,0,1,1,4294967295,0,0
ograss2,192,32,002EB6AB,0,1,1,4294967295,0,0
ograss2,224,32,002D9D4A,0,1,1,4294967295,0,0
ograss2,224,64,00335F4E,0,1,1,4294967295,0,0
ograss2,192,64,002FFF55,0,1,1,4294967295,0,0
ograss2,192,96,0016BB35,0,1,1,4294967295,0,0
ograss2,224,96,003623E4,0,1,1,4294967295,0,0
ograss2,256,96,0015C31C,0,1,1,4294967295,0,0
ograss2,256,64,001044E2,0,1,1,4294967295,0,0
ograss2,256,96,0004F80D,0,1,1,4294967295,0,0
ograss2,288,96,0008C880,0,1,1,4294967295,0,0
ograss2,288,64,00321A4D,0,1,1,4294967295,0,0
ograss2,288,32,000FDC68,0,1,1,4294967295,0,0
ograss2,320,32,002DD7C4,0,1,1,4294967295,0,0
ograss2,352,32,0010DF59,0,1,1,4294967295,0,0
ograss2,384,32,000BC488,0,1,1,4294967295,0,0
ograss2,416,32,00164BCB,0,1,1,4294967295,0,0
ograss2,448,32,002B4A72,0,1,1,4294967295,0,0
ograss2,480,32,0027526D,0,1,1,4294967295,0,0
ograss2,512,32,003AB333,0,1,1,4294967295,0,0
ograss2,544,32,00092954,0,1,1,4294967295,0,0
ograss2,576,32,00207604,0,1,1,4294967295,0,0
ograss2,608,32,002B62E0,0,1,1,4294967295,0,0
ograss2,640,32,003D6E2E,0,1,1,4294967295,0,0
ograss2,672,32,003EDAAC,0,1,1,4294967295,0,0
ograss2,704,32,0030580B,0,1,1,4294967295,0,0
ograss2,672,64,0002D020,0,1,1,4294967295,0,0
ograss2,640,64,0017A527,0,1,1,4294967295,0,0
ograss2,576,64,0004493F,0,1,1,4294967295,0,0
ograss2,544,64,0029AF58,0,1,1,4294967295,0,0
ograss2,512,64,003A27D3,0,1,1,4294967295,0,0
ograss2,480,64,001A4FC0,0,1,1,4294967295,0,0
ograss2,448,64,002F64DA,0,1,1,4294967295,0,0
ograss2,416,64,0005D46C,0,1,1,4294967295,0,0
ograss2,384,64,0007A1ED,0,1,1,4294967295,0,0
ograss2,352,64,00122873,0,1,1,4294967295,0,0
ograss2,320,64,0003C8EB,0,1,1,4294967295,0,0
ograss2,640,96,001EDC0F,0,1,1,4294967295,0,0
ograss2,608,96,000E703D,0,1,1,4294967295,0,0
ograss2,608,128,000DD5CA,0,1,1,4294967295,0,0
ograss2,640,128,000218AE,0,1,1,4294967295,0,0
ograss2,736,96,00143502,0,1,1,4294967295,0,0
ograss2,704,96,00142AD3,0,1,1,4294967295,0,0
ograss2,736,192,002BFB88,0,1,1,4294967295,0,0
ograss2,704,192,002E5881,0,1,1,4294967295,0,0
ograss2,704,224,002D76EA,0,1,1,4294967295,0,0
ograss2,736,224,003D5433,0,1,1,4294967295,0,0
ograss2,704,224,00220CCC,0,1,1,4294967295,0,0
ograss2,672,224,000C3CE8,0,1,1,4294967295,0,0
ograss2,640,224,0001DA26,0,1,1,4294967295,0,0
ograss2,640,256,00109400,0,1,1,4294967295,0,0
ograss2,608,256,00298579,0,1,1,4294967295,0,0
ograss2,576,256,0015C037,0,1,1,4294967295,0,0
ograss2,576,288,0020AAF0,0,1,1,4294967295,0,0
ograss2,608,288,00387738,0,1,1,4294967295,0,0
ograss2,640,288,00200598,0,1,1,4294967295,0,0
ograss2,672,288,00208F16,0,1,1,4294967295,0,0
ograss2,672,256,002BB785,0,1,1,4294967295,0,0
ograss2,704,256,0017FF27,0,1,1,4294967295,0,0
ograss2,704,288,0003084A,0,1,1,4294967295,0,0
ograss2,672,288,00073166,0,1,1,4294967295,0,0
ograss2,704,288,001C9D1B,0,1,1,4294967295,0,0
ograss2,736,288,00049CCB,0,1,1,4294967295,0,0
ograss2,736,256,00349F6B,0,1,1,4294967295,0,0
ograss2,736,288,003BD8FC,0,1,1,4294967295,0,0
ograss2,736,320,000B5EE1,0,1,1,4294967295,0,0
ograss2,736,352,0002FB5A,0,1,1,4294967295,0,0
ograss2,736,384,003D0F85,0,1,1,4294967295,0,0
ograss2,736,352,00117320,0,1,1,4294967295,0,0
ograss2,704,352,00112C65,0,1,1,4294967295,0,0
ograss2,704,320,0011D6BF,0,1,1,4294967295,0,0
ograss2,704,352,000CC5D6,0,1,1,4294967295,0,0
ograss2,704,384,003D3F0F,0,1,1,4294967295,0,0
ograss2,704,352,002E3B69,0,1,1,4294967295,0,0
ograss2,704,320,0003A3D1,0,1,1,4294967295,0,0
ograss2,672,320,0009860D,0,1,1,4294967295,0,0
ograss2,640,320,001151BD,0,1,1,4294967295,0,0
ograss2,608,320,0029AB16,0,1,1,4294967295,0,0
ograss2,608,352,003B8615,0,1,1,4294967295,0,0
ograss2,640,352,0005F24F,0,1,1,4294967295,0,0
ograss2,640,384,0016E7F3,0,1,1,4294967295,0,0
ograss2,608,384,00334F6A,0,1,1,4294967295,0,0
ograss2,640,384,002D1637,0,1,1,4294967295,0,0
ograss2,672,384,0015B6DD,0,1,1,4294967295,0,0
ograss2,672,416,0028836C,0,1,1,4294967295,0,0
ograss2,672,448,001BF97D,0,1,1,4294967295,0,0
ograss2,704,448,001813E4,0,1,1,4294967295,0,0
ograss2,736,448,0039FBE0,0,1,1,4294967295,0,0
ograss2,736,416,000EA49D,0,1,1,4294967295,0,0
ograss2,672,480,000E7CD9,0,1,1,4294967295,0,0
ograss2,672,512,003C9576,0,1,1,4294967295,0,0
ograss2,672,544,003694AB,0,1,1,4294967295,0,0
ograss2,704,544,0027609F,0,1,1,4294967295,0,0
ograss2,704,512,003D9AEF,0,1,1,4294967295,0,0
ograss2,704,480,001D97B6,0,1,1,4294967295,0,0
ograss2,736,512,002F9E84,0,1,1,4294967295,0,0
ograss2,736,544,0031B3EC,0,1,1,4294967295,0,0
ograss2,736,512,000E6BE6,0,1,1,4294967295,0,0
ograss2,736,480,003799FF,0,1,1,4294967295,0,0
ograss2,640,544,003C8619,0,1,1,4294967295,0,0
ograss2,608,544,002BF573,0,1,1,4294967295,0,0
ograss2,576,544,001A026A,0,1,1,4294967295,0,0
ograss2,544,544,00177FC3,0,1,1,4294967295,0,0
ograss2,512,544,0030D8F7,0,1,1,4294967295,0,0
ograss2,480,544,003D082E,0,1,1,4294967295,0,0
ograss2,448,544,00259EFD,0,1,1,4294967295,0,0
ograss2,416,544,001CD9BA,0,1,1,4294967295,0,0
ograss2,384,544,002A832D,0,1,1,4294967295,0,0
ograss2,352,544,0033E6DD,0,1,1,4294967295,0,0
ograss2,320,544,00103FE9,0,1,1,4294967295,0,0
ograss2,288,544,00331C6C,0,1,1,4294967295,0,0
ograss2,256,544,00025E50,0,1,1,4294967295,0,0
ograss2,224,544,003A5650,0,1,1,4294967295,0,0
ograss2,192,544,0038AA03,0,1,1,4294967295,0,0
ograss2,160,544,0029F5BA,0,1,1,4294967295,0,0
ograss2,128,544,0010CBC0,0,1,1,4294967295,0,0
ograss2,96,544,0022D9D7,0,1,1,4294967295,0,0
ograss2,64,544,00319DAC,0,1,1,4294967295,0,0
ograss2,32,544,001E04A2,0,1,1,4294967295,0,0
ograss2,32,512,0001B515,0,1,1,4294967295,0,0
ograss2,32,480,000FF8CF,0,1,1,4294967295,0,0
ograss2,32,448,00302654,0,1,1,4294967295,0,0
ograss2,64,448,00341F9B,0,1,1,4294967295,0,0
ograss2,64,480,000BC636,0,1,1,4294967295,0,0
ograss2,64,512,003D5C6D,0,1,1,4294967295,0,0
ograss2,64,480,002560B8,0,1,1,4294967295,0,0
ograss2,64,448,003ACE2D,0,1,1,4294967295,0,0
ograss2,96,448,0024F975,0,1,1,4294967295,0,0
ograss2,96,480,0005E403,0,1,1,4294967295,0,0
ograss2,96,512,000EAB4F,0,1,1,4294967295,0,0
ograss2,128,512,0015F402,0,1,1,4294967295,0,0
ograss2,160,512,0026BEE0,0,1,1,4294967295,0,0
ograss2,192,512,00161341,0,1,1,4294967295,0,0
ograss2,224,512,0011AC8C,0,1,1,4294967295,0,0
ograss2,256,512,0026C7D6,0,1,1,4294967295,0,0
ograss2,288,512,001FE69B,0,1,1,4294967295,0,0
ograss2,320,512,003D6E31,0,1,1,4294967295,0,0
ograss2,352,512,000ACB45,0,1,1,4294967295,0,0
ograss2,384,512,00316B89,0,1,1,4294967295,0,0
ograss2,416,512,00228801,0,1,1,4294967295,0,0
ograss2,448,512,0031EE2E,0,1,1,4294967295,0,0
ograss2,480,512,0006BD3D,0,1,1,4294967295,0,0
ograss2,512,512,0016DE7B,0,1,1,4294967295,0,0
ograss2,544,512,002D97A8,0,1,1,4294967295,0,0
ograss2,576,512,001D0A31,0,1,1,4294967295,0,0
ograss2,608,512,002C859C,0,1,1,4294967295,0,0
ograss2,608,480,0003A493,0,1,1,4294967295,0,0
ograss2,640,480,00211932,0,1,1,4294967295,0,0
ograss2,640,448,001C63D3,0,1,1,4294967295,0,0
ograss2,640,416,002EFD0E,0,1,1,4294967295,0,0
ograss2,608,416,00061361,0,1,1,4294967295,0,0
ograss2,576,416,003C7B3D,0,1,1,4294967295,0,0
ograss2,544,416,0032C185,0,1,1,4294967295,0,0
ograss2,544,384,002F0507,0,1,1,4294967295,0,0
ograss2,544,352,0010676E,0,1,1,4294967295,0,0
ograss2,512,352,0033F0AE,0,1,1,4294967295,0,0
ograss2,512,384,0033D307,0,1,1,4294967295,0,0
ograss2,512,416,0001FFD5,0,1,1,4294967295,0,0
ograss2,512,448,00396F5D,0,1,1,4294967295,0,0
ograss2,512,480,003F8E0F,0,1,1,4294967295,0,0
ograss2,544,480,000625F4,0,1,1,4294967295,0,0
ograss2,576,448,001D8D9A,0,1,1,4294967295,0,0
ograss2,576,480,000E9CEB,0,1,1,4294967295,0,0
ograss2,512,320,002632E7,0,1,1,4294967295,0,0
ograss2,512,288,003E9757,0,1,1,4294967295,0,0
ograss2,512,256,00161695,0,1,1,4294967295,0,0
ograss2,512,224,00232E71,0,1,1,4294967295,0,0
ograss2,512,192,0022F873,0,1,1,4294967295,0,0
ograss2,544,192,002D5703,0,1,1,4294967295,0,0
ograss2,576,192,00054C47,0,1,1,4294967295,0,0
ograss2,576,160,001ED4FF,0,1,1,4294967295,0,0
ograss2,608,160,0024C9FD,0,1,1,4294967295,0,0
ograss2,640,160,00239A21,0,1,1,4294967295,0,0
ograss2,608,160,000ECEDF,0,1,1,4294967295,0,0
ograss2,576,160,00265FE2,0,1,1,4294967295,0,0
ograss2,576,128,00134790,0,1,1,4294967295,0,0
ograss2,576,160,000A5B2A,0,1,1,4294967295,0,0
ograss2,544,160,001C05EB,0,1,1,4294967295,0,0
ograss2,544,128,0005A4BB,0,1,1,4294967295,0,0
ograss2,544,96,00099A83,0,1,1,4294967295,0,0
ograss2,544,128,0032D7F0,0,1,1,4294967295,0,0
ograss2,544,160,0021B0F3,0,1,1,4294967295,0,0
ograss2,544,128,0016D07A,0,1,1,4294967295,0,0
ograss2,512,128,0011B3C7,0,1,1,4294967295,0,0
ograss2,512,160,002AFA7E,0,1,1,4294967295,0,0
ograss2,480,128,0028840F,0,1,1,4294967295,0,0
ograss2,480,96,00381D66,0,1,1,4294967295,0,0
ograss2,448,96,0032B6FC,0,1,1,4294967295,0,0
ograss2,448,128,0032C089,0,1,1,4294967295,0,0
ograss2,448,160,002BE5D0,0,1,1,4294967295,0,0
ograss2,448,192,0032B4D3,0,1,1,4294967295,0,0
ograss2,480,192,002CD979,0,1,1,4294967295,0,0
ograss2,480,224,0013C7D2,0,1,1,4294967295,0,0
ograss2,480,256,00323D5D,0,1,1,4294967295,0,0
ograss2,480,288,00404324,0,1,1,4294967295,0,0
ograss2,480,320,000F042A,0,1,1,4294967295,0,0
ograss2,480,352,00376B4E,0,1,1,4294967295,0,0
ograss2,480,384,001132D1,0,1,1,4294967295,0,0
ograss2,480,416,002C8EB7,0,1,1,4294967295,0,0
ograss2,480,448,001F8492,0,1,1,4294967295,0,0
ograss2,480,416,001D0308,0,1,1,4294967295,0,0
ograss2,448,416,00224BA5,0,1,1,4294967295,0,0
ograss2,448,448,00257EF0,0,1,1,4294967295,0,0
ograss2,448,480,0022D93E,0,1,1,4294967295,0,0
ograss2,448,480,002DF525,0,1,1,4294967295,0,0
ograss2,416,480,0037E3E5,0,1,1,4294967295,0,0
ograss2,384,480,00151200,0,1,1,4294967295,0,0
ograss2,384,448,001DF56F,0,1,1,4294967295,0,0
ograss2,384,416,002F1046,0,1,1,4294967295,0,0
ograss2,416,416,00394F50,0,1,1,4294967295,0,0
ograss2,448,416,0037431C,0,1,1,4294967295,0,0
ograss2,448,384,003C5F3A,0,1,1,4294967295,0,0
ograss2,416,384,002CB9F6,0,1,1,4294967295,0,0
ograss2,384,384,00168EA3,0,1,1,4294967295,0,0
ograss2,384,352,0027CB4E,0,1,1,4294967295,0,0
ograss2,384,320,00156A3D,0,1,1,4294967295,0,0
ograss2,416,320,0004A1B7,0,1,1,4294967295,0,0
ograss2,416,288,0017BB28,0,1,1,4294967295,0,0
ograss2,448,288,003B0113,0,1,1,4294967295,0,0
ograss2,448,320,001EAFCB,0,1,1,4294967295,0,0
ograss2,416,320,0006BB8B,0,1,1,4294967295,0,0
ograss2,416,352,00198FBC,0,1,1,4294967295,0,0
ograss2,416,288,003B5FBA,0,1,1,4294967295,0,0
ograss2,416,256,00210153,0,1,1,4294967295,0,0
ograss2,416,224,0031BCE9,0,1,1,4294967295,0,0
ograss2,448,224,001CBBA7,0,1,1,4294967295,0,0
ograss2,416,224,003FF58A,0,1,1,4294967295,0,0
ograss2,416,192,0016CBE8,0,1,1,4294967295,0,0
ograss2,384,192,0031B70A,0,1,1,4294967295,0,0
ograss2,384,160,002B6855,0,1,1,4294967295,0,0
ograss2,416,160,0016202D,0,1,1,4294967295,0,0
ograss2,416,128,00156EEC,0,1,1,4294967295,0,0
ograss2,384,128,003F7787,0,1,1,4294967295,0,0
ograss2,384,96,001E23BC,0,1,1,4294967295,0,0
ograss2,352,96,00237828,0,1,1,4294967295,0,0
ograss2,320,96,002B1319,0,1,1,4294967295,0,0
ograss2,320,128,002AE586,0,1,1,4294967295,0,0
ograss2,320,128,00069811,0,1,1,4294967295,0,0
ograss2,288,128,0026A280,0,1,1,4294967295,0,0
ograss2,320,128,00229503,0,1,1,4294967295,0,0
ograss2,320,160,001D41D2,0,1,1,4294967295,0,0
ograss2,352,160,0020049E,0,1,1,4294967295,0,0
ograss2,320,160,002E9164,0,1,1,4294967295,0,0
ograss2,288,192,001E262D,0,1,1,4294967295,0,0
ograss2,320,224,0019A949,0,1,1,4294967295,0,0
ograss2,320,192,003FA6E3,0,1,1,4294967295,0,0
ograss2,320,224,003F06B8,0,1,1,4294967295,0,0
ograss2,320,256,001EFB71,0,1,1,4294967295,0,0
ograss2,320,288,0037620B,0,1,1,4294967295,0,0
ograss2,320,320,003ECCAC,0,1,1,4294967295,0,0
ograss2,320,352,000B31F2,0,1,1,4294967295,0,0
ograss2,320,320,000B7FAA,0,1,1,4294967295,0,0
ograss2,352,320,00088382,0,1,1,4294967295,0,0
ograss2,352,352,003F0D8A,0,1,1,4294967295,0,0
ograss2,352,384,0001FE39,0,1,1,4294967295,0,0
ograss2,352,416,0026201B,0,1,1,4294967295,0,0
ograss2,352,448,0024FB37,0,1,1,4294967295,0,0
ograss2,320,448,002A91A9,0,1,1,4294967295,0,0
ograss2,320,480,00345D15,0,1,1,4294967295,0,0
ograss2,320,448,0026F1BE,0,1,1,4294967295,0,0
ograss2,320,416,000A6DB4,0,1,1,4294967295,0,0
ograss2,288,384,0018B100,0,1,1,4294967295,0,0
ograss2,288,416,002242F7,0,1,1,4294967295,0,0
ograss2,288,448,0014D448,0,1,1,4294967295,0,0
ograss2,256,448,0022C473,0,1,1,4294967295,0,0
ograss2,256,480,0014F7FD,0,1,1,4294967295,0,0
ograss2,224,480,003E87FA,0,1,1,4294967295,0,0
ograss2,192,480,00081677,0,1,1,4294967295,0,0
ograss2,160,480,0016213F,0,1,1,4294967295,0,0
ograss2,160,448,000DF33A,0,1,1,4294967295,0,0
ograss2,192,448,00137655,0,1,1,4294967295,0,0
ograss2,224,448,002C520A,0,1,1,4294967295,0,0
ograss2,192,448,0019DD6B,0,1,1,4294967295,0,0
ograss2,192,416,0003E8EA,0,1,1,4294967295,0,0
ograss2,256,416,0002443F,0,1,1,4294967295,0,0
ograss2,256,384,000E79AD,0,1,1,4294967295,0,0
ograss2,224,384,000D00F6,0,1,1,4294967295,0,0
ograss2,192,384,002C8E19,0,1,1,4294967295,0,0
ograss2,160,384,00311B83,0,1,1,4294967295,0,0
ograss2,128,384,0019D022,0,1,1,4294967295,0,0
ograss2,128,416,0010AB7B,0,1,1,4294967295,0,0
ograss2,128,448,001A3496,0,1,1,4294967295,0,0
ograss2,128,416,0010338F,0,1,1,4294967295,0,0
ograss2,96,416,0010D3BF,0,1,1,4294967295,0,0
ograss2,96,384,00382145,0,1,1,4294967295,0,0
ograss2,96,352,00071C41,0,1,1,4294967295,0,0
ograss2,64,352,001212B5,0,1,1,4294967295,0,0
ograss2,64,384,002DD291,0,1,1,4294967295,0,0
ograss2,32,384,0014C41B,0,1,1,4294967295,0,0
ograss2,32,416,002AE0CF,0,1,1,4294967295,0,0
ograss2,32,384,0011A002,0,1,1,4294967295,0,0
ograss2,32,352,0006D480,0,1,1,4294967295,0,0
ograss2,32,320,00135FC4,0,1,1,4294967295,0,0
ograss2,32,288,003E1ADB,0,1,1,4294967295,0,0
ograss2,32,256,0023F83C,0,1,1,4294967295,0,0
ograss2,32,224,000FE11A,0,1,1,4294967295,0,0
ograss2,32,192,00199196,0,1,1,4294967295,0,0
ograss2,64,192,0021D9B5,0,1,1,4294967295,0,0
ograss2,64,224,001596FA,0,1,1,4294967295,0,0
ograss2,64,256,003A1D05,0,1,1,4294967295,0,0
ograss2,64,288,00059A01,0,1,1,4294967295,0,0
ograss2,64,320,00284357,0,1,1,4294967295,0,0
ograss2,96,320,00109B10,0,1,1,4294967295,0,0
ograss2,96,288,001BAD79,0,1,1,4294967295,0,0
ograss2,96,256,00115DF9,0,1,1,4294967295,0,0
ograss2,96,224,000C4CB1,0,1,1,4294967295,0,0
ograss2,96,224,0016C856,0,1,1,4294967295,0,0
ograss2,128,224,002A8EC7,0,1,1,4294967295,0,0
ograss2,128,256,003B9888,0,1,1,4294967295,0,0
ograss2,160,256,003CC7B3,0,1,1,4294967295,0,0
ograss2,160,224,00030CF9,0,1,1,4294967295,0,0
ograss2,192,224,00251541,0,1,1,4294967295,0,0
ograss2,192,256,001B887A,0,1,1,4294967295,0,0
ograss2,192,288,001EE0DB,0,1,1,4294967295,0,0
ograss2,160,288,003591BF,0,1,1,4294967295,0,0
ograss2,192,288,003A2282,0,1,1,4294967295,0,0
ograss2,192,320,00100E9D,0,1,1,4294967295,0,0
ograss2,160,320,001ECDB0,0,1,1,4294967295,0,0
ograss2,128,320,00093809,0,1,1,4294967295,0,0
ograss2,160,320,0014F3A7,0,1,1,4294967295,0,0
ograss2,160,352,000B318B,0,1,1,4294967295,0,0
ograss2,192,352,001F1842,0,1,1,4294967295,0,0
ograss2,192,320,00253CF1,0,1,1,4294967295,0,0
ograss2,192,352,00044976,0,1,1,4294967295,0,0
ograss2,224,352,000A4709,0,1,1,4294967295,0,0
ograss2,224,320,000CE343,0,1,1,4294967295,0,0
ograss2,256,320,003FD0CC,0,1,1,4294967295,0,0
ograss2,288,320,002EF880,0,1,1,4294967295,0,0
ograss2,288,352,002D4D15,0,1,1,4294967295,0,0
ograss2,288,320,00105B0B,0,1,1,4294967295,0,0
ograss2,288,288,003C7D94,0,1,1,4294967295,0,0
ograss2,288,256,00010853,0,1,1,4294967295,0,0
ograss2,288,224,0027187D,0,1,1,4294967295,0,0
ograss2,288,192,003C670A,0,1,1,4294967295,0,0
ograss2,256,192,000835D0,0,1,1,4294967295,0,0
ograss2,256,224,0016EA4A,0,1,1,4294967295,0,0
ograss2,224,224,0017A75F,0,1,1,4294967295,0,0
ograss2,192,224,0008EFA5,0,1,1,4294967295,0,0
ograss2,192,256,002C3F70,0,1,1,4294967295,0,0
ograss2,192,288,00329569,0,1,1,4294967295,0,0
ograss2,224,288,002CA5A9,0,1,1,4294967295,0,0
ograss2,224,256,0035A39C,0,1,1,4294967295,0,0
ograss2,224,288,001BA626,0,1,1,4294967295,0,0
ograss2,256,288,00253E04,0,1,1,4294967295,0,0
ograss4,352,224,000A963D,0,1,1,4294967295,0,0
ograss2,384,224,00192F0D,0,1,1,4294967295,0,0
ograss2,320,160,001AB5E1,0,1,1,4294967295,0,0
ograss2,832,32,16498140,0,1,1,4294967295,0,0
ograss2,832,64,A0E6FE59,0,1,1,4294967295,0,0
ograss2,864,64,71ED9202,0,1,1,4294967295,0,0
ograss2,864,32,345B8CBA,0,1,1,4294967295,0,0
ograss2,960,32,DD6A4253,0,1,1,4294967295,0,0
ograss2,928,32,E6B4C124,0,1,1,4294967295,0,0
ograss2,896,64,3BC68247,0,1,1,4294967295,0,0
ograss2,896,32,17736DC9,0,1,1,4294967295,0,0
ograss2,992,32,0EE1916E,0,1,1,4294967295,0,0
ograss2,992,64,D403F40F,0,1,1,4294967295,0,0
ograss2,960,64,CB812288,0,1,1,4294967295,0,0
ograss2,1024,64,A1B17CBF,0,1,1,4294967295,0,0
ograss2,1056,64,EE159048,0,1,1,4294967295,0,0
ograss2,1056,96,06A20E8B,0,1,1,4294967295,0,0
ograss2,1088,128,93B8DDC1,0,1,1,4294967295,0,0
ograss2,1088,160,152B0A21,0,1,1,4294967295,0,0
ograss2,1120,192,D021981B,0,1,1,4294967295,0,0
ograss2,1120,160,CA0EE70E,0,1,1,4294967295,0,0
ograss2,1088,96,11DCFD6A,0,1,1,4294967295,0,0
ograss2,1120,128,A432EA61,0,1,1,4294967295,0,0
ograss2,1120,96,B3678BC9,0,1,1,4294967295,0,0
ograss2,1088,64,D114752E,0,1,1,4294967295,0,0
ograss2,1088,32,7F6C4484,0,1,1,4294967295,0,0
ograss2,1152,160,E8FBBF01,0,1,1,4294967295,0,0
ograss2,1152,192,754AA468,0,1,1,4294967295,0,0
ograss2,1152,128,0387B100,0,1,1,4294967295,0,0
ograss2,1152,96,85323E56,0,1,1,4294967295,0,0
ograss3,1152,288,AE3C2F00,0,1,1,4294967295,0,0
ograss3,1440,448,E7DFE03F,0,1,1,4294967295,0,0
ograss3,1088,480,D8AE348D,0,1,1,4294967295,0,0
ograss3,992,416,C83E4AEB,0,1,1,4294967295,0,0
ograss3,1248,448,1C20FC68,0,1,1,4294967295,0,0
ograss3,1248,256,41564A43,0,1,1,4294967295,0,0
ograss3,1312,96,61BCBC11,0,1,1,4294967295,0,0
ograss3,896,256,CC2D65C1,0,1,1,4294967295,0,0
ograss3,864,448,7745D289,0,1,1,4294967295,0,0
ograss4,1024,288,7EC44CCE,0,1,1,4294967295,0,0
ograss4,1440,128,CFC86F42,0,1,1,4294967295,0,0
ograss4,1408,320,37AAC810,0,1,1,4294967295,0,0
ograss4,1344,480,748205C5,0,1,1,4294967295,0,0
ograss4,1280,160,D0EEDACA,0,1,1,4294967295,0,0
ograss4,1216,32,8890CFA2,0,1,1,4294967295,0,0
ograss1,736,128,85615032,0,1,1,4294967295,0,0
ograss1,736,160,4D466056,0,1,1,4294967295,0,0
ograss1,704,128,32DC0614,0,1,1,4294967295,0,0
ograss1,704,160,D1BCEA7C,0,1,1,4294967295,0,0
ograss1,800,128,5A8FCBF3,0,1,1,4294967295,0,0
ograss1,768,128,B9198A40,0,1,1,4294967295,0,0
ograss1,768,160,B669E2DD,0,1,1,4294967295,0,0
ograss1,800,160,DC2F24F2,0,1,1,4294967295,0,0
ograss1,832,160,9EE6E97E,0,1,1,4294967295,0,0
ograss1,864,192,83F594B3,0,1,1,4294967295,0,0
ograss1,864,224,46D99F6D,0,1,1,4294967295,0,0
ograss1,832,128,7D0B8A3C,0,1,1,4294967295,0,0
ograss1,864,160,54A30FA3,0,1,1,4294967295,0,0
owall1,800,0,04614E3F,0,1,1,4294967295,0,0
owall1,832,0,3763DDA3,0,1,1,4294967295,0,0
owall1,864,0,F27D78FE,0,1,1,4294967295,0,0
owall1,896,0,00D51EA4,0,1,1,4294967295,0,0
owall1,928,0,4C34CB55,0,1,1,4294967295,0,0
owall1,960,0,32933420,0,1,1,4294967295,0,0
owall1,992,0,5581B0B6,0,1,1,4294967295,0,0
owall1,1024,0,47017C24,0,1,1,4294967295,0,0
owall1,1088,0,BF27AF87,0,1,1,4294967295,0,0
owall1,1120,0,A5CEF52F,0,1,1,4294967295,0,0
owall1,1152,0,278414C7,0,1,1,4294967295,0,0
owall1,1184,0,0B64EC25,0,1,1,4294967295,0,0
owall1,1216,0,71034374,0,1,1,4294967295,0,0
owall1,1248,0,1D8F56CD,0,1,1,4294967295,0,0
owall1,1280,0,7273ABDB,0,1,1,4294967295,0,0
owall1,1312,0,7C6A3CAB,0,1,1,4294967295,0,0
owall1,1344,0,ED86042C,0,1,1,4294967295,0,0
owall1,1376,0,D56A351D,0,1,1,4294967295,0,0
owall1,1440,0,79137DCF,0,1,1,4294967295,0,0
owall1,1472,0,9779B351,0,1,1,4294967295,0,0
owall1,1504,0,92DE4F00,0,1,1,4294967295,0,0
owall1,1568,0,E7B87ACF,0,1,1,4294967295,0,0
owall1,1568,32,6C5E4E35,0,1,1,4294967295,0,0
owall1,1568,64,957D4EAA,0,1,1,4294967295,0,0
owall1,1568,96,218F748F,0,1,1,4294967295,0,0
owall1,1568,128,5C2F34F5,0,1,1,4294967295,0,0
owall1,1568,352,7B9E09F2,0,1,1,4294967295,0,0
owall1,1568,320,F50FCA33,0,1,1,4294967295,0,0
owall1,1568,288,C59BD15D,0,1,1,4294967295,0,0
owall1,1568,256,AF1325BA,0,1,1,4294967295,0,0
owall1,1568,416,AD8E4CFE,0,1,1,4294967295,0,0
owall1,1568,448,AA38F3D7,0,1,1,4294967295,0,0
owall1,1568,480,EED869E5,0,1,1,4294967295,0,0
owall1,1568,512,91097D73,0,1,1,4294967295,0,0
owall1,1568,192,8E887662,0,1,1,4294967295,0,0
owall1,1568,160,F40C5D62,0,1,1,4294967295,0,0
owall1,1568,544,640B8B8D,0,1,1,4294967295,0,0
owall1,1472,576,571B7DD8,0,1,1,4294967295,0,0
owall1,1504,576,78127148,0,1,1,4294967295,0,0
owall1,1536,576,47115FED,0,1,1,4294967295,0,0
owall1,1568,576,9BE22151,0,1,1,4294967295,0,0
owall1,1408,576,3C1468FF,0,1,1,4294967295,0,0
owall1,1376,576,83DADD56,0,1,1,4294967295,0,0
owall1,1344,576,6DE27E02,0,1,1,4294967295,0,0
owall1,1312,576,D576BC76,0,1,1,4294967295,0,0
owall1,1280,576,E076714A,0,1,1,4294967295,0,0
owall1,1248,576,A28E7586,0,1,1,4294967295,0,0
owall1,1216,576,645B5499,0,1,1,4294967295,0,0
owall1,1184,576,01BD49D6,0,1,1,4294967295,0,0
owall1,1120,576,39320DB0,0,1,1,4294967295,0,0
owall1,1088,576,8803DE6E,0,1,1,4294967295,0,0
owall1,1056,576,601E7AF9,0,1,1,4294967295,0,0
owall1,1024,576,1B073C55,0,1,1,4294967295,0,0
owall1,992,576,520E6183,0,1,1,4294967295,0,0
owall1,960,576,747CE585,0,1,1,4294967295,0,0
owall1,896,576,0B6D6AEA,0,1,1,4294967295,0,0
owall1,864,576,8EA0A2BB,0,1,1,4294967295,0,0
owall1,832,576,CA55C656,0,1,1,4294967295,0,0
owall1,800,576,A2F5405E,0,1,1,4294967295,0,0
owall1,800,544,2431A062,0,1,1,4294967295,0,0
owall1,800,512,802FF4AB,0,1,1,4294967295,0,0
owall1,800,480,1612A33B,0,1,1,4294967295,0,0
owall1,800,448,1BE8EF31,0,1,1,4294967295,0,0
owall1,800,384,BD13E916,0,1,1,4294967295,0,0
owall1,800,352,5425428C,0,1,1,4294967295,0,0
owall1,800,320,41E733A2,0,1,1,4294967295,0,0
owall1,800,288,76B74C5E,0,1,1,4294967295,0,0
owall1,800,256,2031B5BB,0,1,1,4294967295,0,0
owall1,800,192,BD7015EE,0,1,1,4294967295,0,0
owall1,800,96,9B05F16D,0,1,1,4294967295,0,0
owall1,800,64,460298DC,0,1,1,4294967295,0,0
owall1,800,32,0C5BB2A5,0,1,1,4294967295,0,0
owall2,800,224,49097017,0,1,1,4294967295,0,0
owall2,800,416,876328B9,0,1,1,4294967295,0,0
owall2,928,576,BE9440BA,0,1,1,4294967295,0,0
owall2,1152,576,23068187,0,1,1,4294967295,0,0
owall2,1440,576,53E30036,0,1,1,4294967295,0,0
owall2,1568,384,C27B4728,0,1,1,4294967295,0,0
owall2,1568,224,CC5178DD,0,1,1,4294967295,0,0
owall2,1536,0,DF69D664,0,1,1,4294967295,0,0
owall2,1408,0,254EDA5F,0,1,1,4294967295,0,0
owall2,1056,0,699ABCD5,0,1,1,4294967295,0,0
ograss2,928,64,4B3BDF13,0,1,1,4294967295,0,0
ograss2,928,96,4D3F42BC,0,1,1,4294967295,0,0
ograss2,896,96,86838D80,0,1,1,4294967295,0,0
ograss2,864,96,A261D700,0,1,1,4294967295,0,0
ograss2,832,96,C48C6B0E,0,1,1,4294967295,0,0
ograss2,960,96,42C59B42,0,1,1,4294967295,0,0
ograss2,992,96,382922AC,0,1,1,4294967295,0,0
ograss2,992,128,26813A94,0,1,1,4294967295,0,0
ograss2,1024,128,8E7EDE4C,0,1,1,4294967295,0,0
ograss2,1024,160,B43C5756,0,1,1,4294967295,0,0
ograss2,1024,96,9CD1787D,0,1,1,4294967295,0,0
ograss2,1024,32,A50327AD,0,1,1,4294967295,0,0
ograss2,1056,32,9C81404D,0,1,1,4294967295,0,0
ograss2,1120,32,C3396C96,0,1,1,4294967295,0,0
ograss2,1152,32,D2368A88,0,1,1,4294967295,0,0
ograss2,1184,32,339F42C6,0,1,1,4294967295,0,0
ograss2,1152,64,DE54676D,0,1,1,4294967295,0,0
ograss2,1120,64,F10364E1,0,1,1,4294967295,0,0
ograss2,1184,64,F3600E83,0,1,1,4294967295,0,0
ograss2,1216,64,3AB4E0FA,0,1,1,4294967295,0,0
ograss2,1248,64,D3906CDC,0,1,1,4294967295,0,0
ograss2,1248,32,F6B528C6,0,1,1,4294967295,0,0
ograss2,1280,32,B9413EC2,0,1,1,4294967295,0,0
ograss2,1312,32,3852B782,0,1,1,4294967295,0,0
ograss2,1344,32,F639E8C2,0,1,1,4294967295,0,0
ograss2,1376,32,D1BD5302,0,1,1,4294967295,0,0
ograss2,1408,32,9918B2AB,0,1,1,4294967295,0,0
ograss2,1440,32,312B1F37,0,1,1,4294967295,0,0
ograss2,1472,32,5F2E3730,0,1,1,4294967295,0,0
ograss2,1504,32,B37DD1B1,0,1,1,4294967295,0,0
ograss2,1536,32,C74DC96E,0,1,1,4294967295,0,0
ograss2,1536,64,40789111,0,1,1,4294967295,0,0
ograss2,1536,96,E4AA031C,0,1,1,4294967295,0,0
ograss2,1536,128,44A8507E,0,1,1,4294967295,0,0
ograss2,1536,160,63342C11,0,1,1,4294967295,0,0
ograss2,1536,192,C342D6C7,0,1,1,4294967295,0,0
ograss2,1536,224,48F39C25,0,1,1,4294967295,0,0
ograss2,1536,256,33F7BD45,0,1,1,4294967295,0,0
ograss2,1504,192,3A8E0DC2,0,1,1,4294967295,0,0
ograss2,1504,160,7D275B10,0,1,1,4294967295,0,0
ograss2,1504,128,FB8B9E1F,0,1,1,4294967295,0,0
ograss2,1504,96,9174CA71,0,1,1,4294967295,0,0
ograss2,1504,64,B7F54737,0,1,1,4294967295,0,0
ograss2,1504,224,3847BB62,0,1,1,4294967295,0,0
ograss2,1504,256,0BEE6B87,0,1,1,4294967295,0,0
ograss2,1504,288,C70F67D9,0,1,1,4294967295,0,0
ograss2,1504,320,52801E5B,0,1,1,4294967295,0,0
ograss2,1504,352,32968452,0,1,1,4294967295,0,0
ograss2,1504,384,72D3B2F1,0,1,1,4294967295,0,0
ograss2,1504,416,51075768,0,1,1,4294967295,0,0
ograss2,1504,448,222E51A1,0,1,1,4294967295,0,0
ograss2,1504,480,0F9C66F4,0,1,1,4294967295,0,0
ograss2,1504,512,183DE9B9,0,1,1,4294967295,0,0
ograss2,1472,256,22838DC4,0,1,1,4294967295,0,0
ograss2,1472,192,5763F0DB,0,1,1,4294967295,0,0
ograss2,1472,160,430BCF01,0,1,1,4294967295,0,0
ograss2,1472,288,406BEFE6,0,1,1,4294967295,0,0
ograss2,1472,320,6298AE69,0,1,1,4294967295,0,0
ograss2,1472,352,2AD8D5CB,0,1,1,4294967295,0,0
ograss2,1472,384,6567AD12,0,1,1,4294967295,0,0
ograss2,1472,416,1AD942F3,0,1,1,4294967295,0,0
ograss2,1472,448,E12D0186,0,1,1,4294967295,0,0
ograss2,1472,480,B96DB706,0,1,1,4294967295,0,0
ograss2,1472,512,5EA465DD,0,1,1,4294967295,0,0
ograss2,1472,544,50FC9EC2,0,1,1,4294967295,0,0
ograss3,1472,224,9D6D037C,0,1,1,4294967295,0,0
ograss2,1536,288,9F054A2C,0,1,1,4294967295,0,0
ograss2,1536,320,0A24635A,0,1,1,4294967295,0,0
ograss2,1536,352,DB66DC57,0,1,1,4294967295,0,0
ograss2,1536,384,6E113073,0,1,1,4294967295,0,0
ograss2,1536,416,9899335F,0,1,1,4294967295,0,0
ograss2,1536,448,E4808B59,0,1,1,4294967295,0,0
ograss2,1536,480,D66CE536,0,1,1,4294967295,0,0
ograss2,1536,512,0A1E6D6A,0,1,1,4294967295,0,0
ograss2,1536,544,B95239EF,0,1,1,4294967295,0,0
ograss2,1504,544,53601B81,0,1,1,4294967295,0,0
ograss2,1440,544,B4E6C533,0,1,1,4294967295,0,0
ograss2,1408,544,D164F948,0,1,1,4294967295,0,0
ograss2,1376,544,584EF4A9,0,1,1,4294967295,0,0
ograss2,1344,544,6CB52A9F,0,1,1,4294967295,0,0
ograss2,1312,544,4B8068A1,0,1,1,4294967295,0,0
ograss2,1280,544,233EDADA,0,1,1,4294967295,0,0
ograss2,1248,544,15104DED,0,1,1,4294967295,0,0
ograss2,1216,544,F16D09E8,0,1,1,4294967295,0,0
ograss2,1184,544,6968DC12,0,1,1,4294967295,0,0
ograss2,1152,544,EDD483C4,0,1,1,4294967295,0,0
ograss2,1120,544,C10ADE19,0,1,1,4294967295,0,0
ograss2,1088,544,A29FB0D9,0,1,1,4294967295,0,0
ograss2,1056,544,7D611F96,0,1,1,4294967295,0,0
ograss2,1024,544,DAB6EDB3,0,1,1,4294967295,0,0
ograss2,992,544,86168358,0,1,1,4294967295,0,0
ograss2,960,544,CA9FB4D5,0,1,1,4294967295,0,0
ograss2,928,544,DF1013AE,0,1,1,4294967295,0,0
ograss2,928,512,7E627C0A,0,1,1,4294967295,0,0
ograss2,896,512,C0BDF8E8,0,1,1,4294967295,0,0
ograss2,896,544,83BCE0D7,0,1,1,4294967295,0,0
ograss2,864,544,5C8D080A,0,1,1,4294967295,0,0
ograss2,832,544,11B13D13,0,1,1,4294967295,0,0
ograss2,832,512,122E1CA3,0,1,1,4294967295,0,0
ograss2,864,512,D5A0DA12,0,1,1,4294967295,0,0
ograss2,896,480,0485D1F9,0,1,1,4294967295,0,0
ograss2,864,480,C1659630,0,1,1,4294967295,0,0
ograss2,832,480,844AAEB4,0,1,1,4294967295,0,0
ograss2,832,448,53FF806F,0,1,1,4294967295,0,0
ograss2,832,416,3E66A209,0,1,1,4294967295,0,0
ograss2,832,384,409FB57B,0,1,1,4294967295,0,0
ograss2,832,352,23868E94,0,1,1,4294967295,0,0
ograss2,832,320,8F8B79AE,0,1,1,4294967295,0,0
ograss2,832,288,75528048,0,1,1,4294967295,0,0
ograss2,832,256,385704F3,0,1,1,4294967295,0,0
ograss2,832,224,811A8E4E,0,1,1,4294967295,0,0
ograss2,832,192,985FA898,0,1,1,4294967295,0,0
ograss2,896,128,ABFFA201,0,1,1,4294967295,0,0
ograss2,864,128,E3039480,0,1,1,4294967295,0,0
ograss2,928,128,47A27219,0,1,1,4294967295,0,0
ograss2,960,128,7A82C6CA,0,1,1,4294967295,0,0
ograss2,896,160,C6A70F12,0,1,1,4294967295,0,0
ograss2,896,192,7704F001,0,1,1,4294967295,0,0
ograss2,896,224,71BA5DBD,0,1,1,4294967295,0,0
ograss2,928,192,ED47C8CD,0,1,1,4294967295,0,0
ograss2,928,160,5254D095,0,1,1,4294967295,0,0
ograss2,960,160,BAF64C1B,0,1,1,4294967295,0,0
ograss2,960,192,4136F550,0,1,1,4294967295,0,0
ograss2,960,224,780A49ED,0,1,1,4294967295,0,0
ograss2,960,256,DE964F24,0,1,1,4294967295,0,0
ograss2,992,192,6A7F166C,0,1,1,4294967295,0,0
ograss2,992,160,4EEA4159,0,1,1,4294967295,0,0
ograss2,1056,128,6045608F,0,1,1,4294967295,0,0
ograss2,1056,160,42C079AA,0,1,1,4294967295,0,0
ograss2,1056,192,D7638569,0,1,1,4294967295,0,0
ograss2,1056,224,361E39BD,0,1,1,4294967295,0,0
ograss2,1088,192,B5CBCDC0,0,1,1,4294967295,0,0
ograss2,1088,224,C9C7A870,0,1,1,4294967295,0,0
ograss2,1120,224,4DDE287D,0,1,1,4294967295,0,0
ograss2,1152,224,2ABEA7B0,0,1,1,4294967295,0,0
ograss2,1184,192,344C88B3,0,1,1,4294967295,0,0
ograss2,1184,160,D205FD5D,0,1,1,4294967295,0,0
ograss2,1184,128,84EA29DC,0,1,1,4294967295,0,0
ograss2,1184,96,7178A4F7,0,1,1,4294967295,0,0
ograss2,1216,96,7BB24352,0,1,1,4294967295,0,0
ograss2,1248,96,05C69459,0,1,1,4294967295,0,0
ograss2,1280,96,63DA3BBE,0,1,1,4294967295,0,0
ograss2,1280,64,A87E1D94,0,1,1,4294967295,0,0
ograss2,1312,64,D033387F,0,1,1,4294967295,0,0
ograss2,1344,64,6BE9D00A,0,1,1,4294967295,0,0
ograss2,1376,64,5C0F7917,0,1,1,4294967295,0,0
ograss2,1408,64,80C50E1A,0,1,1,4294967295,0,0
ograss2,1440,64,7B00FDD4,0,1,1,4294967295,0,0
ograss2,1472,64,25C2F137,0,1,1,4294967295,0,0
ograss2,1472,96,901297EF,0,1,1,4294967295,0,0
ograss2,1472,128,51C6672B,0,1,1,4294967295,0,0
ograss2,1440,96,1F85CF21,0,1,1,4294967295,0,0
ograss2,1408,96,D9752B46,0,1,1,4294967295,0,0
ograss2,1376,96,1DB9C505,0,1,1,4294967295,0,0
ograss2,1344,96,55BD3626,0,1,1,4294967295,0,0
ograss2,1344,128,6C4A55CD,0,1,1,4294967295,0,0
ograss2,1344,160,22DDB2E9,0,1,1,4294967295,0,0
ograss2,1376,160,AFB6DA11,0,1,1,4294967295,0,0
ograss2,1376,128,3058ACAD,0,1,1,4294967295,0,0
ograss2,1408,128,DFD1FF47,0,1,1,4294967295,0,0
ograss2,1408,160,1F36FB15,0,1,1,4294967295,0,0
ograss2,1440,160,CD05E6C2,0,1,1,4294967295,0,0
ograss2,1440,192,E7399CBE,0,1,1,4294967295,0,0
ograss2,1440,224,840837D6,0,1,1,4294967295,0,0
ograss2,1440,256,05903D6D,0,1,1,4294967295,0,0
ograss2,1440,288,CDEEC39D,0,1,1,4294967295,0,0
ograss2,1440,320,764738B8,0,1,1,4294967295,0,0
ograss2,1440,352,62D98EC7,0,1,1,4294967295,0,0
ograss2,1440,384,709EBF84,0,1,1,4294967295,0,0
ograss2,1440,416,B273B6EF,0,1,1,4294967295,0,0
ograss2,1408,416,8F698669,0,1,1,4294967295,0,0
ograss2,1408,448,2058910F,0,1,1,4294967295,0,0
ograss2,1408,480,4FA5ECE9,0,1,1,4294967295,0,0
ograss2,1408,512,6C3279FD,0,1,1,4294967295,0,0
ograss2,1440,480,A7EBAB1E,0,1,1,4294967295,0,0
ograss2,1440,512,30B5A5B8,0,1,1,4294967295,0,0
ograss2,1376,512,86A11D00,0,1,1,4294967295,0,0
ograss2,1344,512,79A554F2,0,1,1,4294967295,0,0
ograss2,1312,512,DBCDBD34,0,1,1,4294967295,0,0
ograss2,1280,512,E26A9998,0,1,1,4294967295,0,0
ograss2,1248,512,822C9EF6,0,1,1,4294967295,0,0
ograss2,1216,512,327034E1,0,1,1,4294967295,0,0
ograss2,1184,512,5CB1D7D5,0,1,1,4294967295,0,0
ograss2,1152,512,13DEB367,0,1,1,4294967295,0,0
ograss2,1120,512,EF59EC2B,0,1,1,4294967295,0,0
ograss2,1088,512,C07453D3,0,1,1,4294967295,0,0
ograss2,1056,512,AF0D305D,0,1,1,4294967295,0,0
ograss2,1024,512,8EA3D5E7,0,1,1,4294967295,0,0
ograss2,992,512,9539565F,0,1,1,4294967295,0,0
ograss2,960,512,189B928B,0,1,1,4294967295,0,0
ograss2,928,480,809AE456,0,1,1,4294967295,0,0
ograss2,960,480,EAB45982,0,1,1,4294967295,0,0
ograss2,992,480,BC236ADE,0,1,1,4294967295,0,0
ograss2,1024,480,CC0C5AC0,0,1,1,4294967295,0,0
ograss2,1056,480,0FF32E29,0,1,1,4294967295,0,0
ograss2,1056,448,4DDB12C8,0,1,1,4294967295,0,0
ograss2,1024,448,B4626915,0,1,1,4294967295,0,0
ograss2,992,448,4CF86223,0,1,1,4294967295,0,0
ograss2,960,448,63782D2E,0,1,1,4294967295,0,0
ograss2,928,448,E82A6DE0,0,1,1,4294967295,0,0
ograss2,896,448,31A1E621,0,1,1,4294967295,0,0
ograss2,896,416,B5CC4529,0,1,1,4294967295,0,0
ograss2,864,416,47ED0F6E,0,1,1,4294967295,0,0
ograss2,864,384,7BE04028,0,1,1,4294967295,0,0
ograss2,864,352,2E62536D,0,1,1,4294967295,0,0
ograss2,864,320,1001BA33,0,1,1,4294967295,0,0
ograss2,864,288,7AC62310,0,1,1,4294967295,0,0
ograss2,864,256,A3560AA6,0,1,1,4294967295,0,0
ograss2,896,320,D8A82484,0,1,1,4294967295,0,0
ograss2,896,288,25594194,0,1,1,4294967295,0,0
ograss2,928,288,043D9A09,0,1,1,4294967295,0,0
ograss2,928,256,B902A348,0,1,1,4294967295,0,0
ograss2,928,224,B53AE1C0,0,1,1,4294967295,0,0
ograss2,928,320,4983D38A,0,1,1,4294967295,0,0
ograss2,928,352,6DFEC830,0,1,1,4294967295,0,0
ograss2,896,352,C5848D02,0,1,1,4294967295,0,0
ograss2,896,384,7E610F99,0,1,1,4294967295,0,0
ograss2,928,384,DD99E21A,0,1,1,4294967295,0,0
ograss2,960,320,188ADE39,0,1,1,4294967295,0,0
ograss2,960,288,CCB6B2A0,0,1,1,4294967295,0,0
ograss2,992,224,222C26F9,0,1,1,4294967295,0,0
ograss2,1024,192,C190593D,0,1,1,4294967295,0,0
ograss2,1024,224,19F213D8,0,1,1,4294967295,0,0
ograss2,992,256,6E61A8C4,0,1,1,4294967295,0,0
ograss2,992,288,052AB037,0,1,1,4294967295,0,0
ograss2,992,320,D0C9CEB7,0,1,1,4294967295,0,0
ograss2,992,352,9AEDDC61,0,1,1,4294967295,0,0
ograss2,960,352,ECA64AF8,0,1,1,4294967295,0,0
ograss2,928,416,BFA0480A,0,1,1,4294967295,0,0
ograss2,960,416,A57F0F71,0,1,1,4294967295,0,0
ograss2,960,384,DCA57186,0,1,1,4294967295,0,0
ograss2,992,384,90A120AF,0,1,1,4294967295,0,0
ograss2,1024,384,D1848A88,0,1,1,4294967295,0,0
ograss2,1024,416,8729C1FC,0,1,1,4294967295,0,0
ograss2,1024,352,B4563A59,0,1,1,4294967295,0,0
ograss2,1024,320,66CC4B20,0,1,1,4294967295,0,0
ograss2,1056,320,AC60E337,0,1,1,4294967295,0,0
ograss2,1056,288,7899F7D2,0,1,1,4294967295,0,0
ograss2,1056,256,1C80712B,0,1,1,4294967295,0,0
ograss2,1024,256,F27B31CC,0,1,1,4294967295,0,0
ograss2,1088,256,6B7321FB,0,1,1,4294967295,0,0
ograss2,1120,256,5C7D2A70,0,1,1,4294967295,0,0
ograss2,1184,224,246790ED,0,1,1,4294967295,0,0
ograss2,1216,224,DA5CF789,0,1,1,4294967295,0,0
ograss2,1216,192,BC7DD408,0,1,1,4294967295,0,0
ograss2,1216,160,CFDC7D2E,0,1,1,4294967295,0,0
ograss2,1216,128,7000F5BD,0,1,1,4294967295,0,0
ograss2,1248,128,3F292876,0,1,1,4294967295,0,0
ograss2,1280,128,71028C12,0,1,1,4294967295,0,0
ograss2,1312,128,1F9B6B2A,0,1,1,4294967295,0,0
ograss2,1312,160,BCC50D4B,0,1,1,4294967295,0,0
ograss2,1312,192,1FC9E889,0,1,1,4294967295,0,0
ograss2,1280,192,C51AFD2B,0,1,1,4294967295,0,0
ograss2,1248,192,84290C79,0,1,1,4294967295,0,0
ograss2,1248,160,F6E41695,0,1,1,4294967295,0,0
ograss2,1248,224,454BB76E,0,1,1,4294967295,0,0
ograss2,1280,224,159ED9C4,0,1,1,4294967295,0,0
ograss2,1312,224,E4B11C18,0,1,1,4294967295,0,0
ograss2,1344,224,724C91F9,0,1,1,4294967295,0,0
ograss2,1344,192,5BDBBADA,0,1,1,4294967295,0,0
ograss2,1376,192,F3CDB6BF,0,1,1,4294967295,0,0
ograss2,1408,192,E4D795FB,0,1,1,4294967295,0,0
ograss2,1408,224,CC501F42,0,1,1,4294967295,0,0
ograss2,1408,256,76C2A368,0,1,1,4294967295,0,0
ograss2,1408,288,7AB8683C,0,1,1,4294967295,0,0
ograss2,1376,288,032D37DB,0,1,1,4294967295,0,0
ograss2,1376,256,B139E2AC,0,1,1,4294967295,0,0
ograss2,1376,224,DC718B8B,0,1,1,4294967295,0,0
ograss2,1376,320,A62288D9,0,1,1,4294967295,0,0
ograss2,1376,352,606F1D5D,0,1,1,4294967295,0,0
ograss2,1408,352,679E9FA3,0,1,1,4294967295,0,0
ograss2,1408,384,3B96278C,0,1,1,4294967295,0,0
ograss2,1376,384,2B65EDB7,0,1,1,4294967295,0,0
ograss2,1344,384,F794FBF8,0,1,1,4294967295,0,0
ograss2,1376,416,17EEAA32,0,1,1,4294967295,0,0
ograss2,1376,448,32DA91BD,0,1,1,4294967295,0,0
ograss2,1376,480,80593223,0,1,1,4294967295,0,0
ograss2,1344,448,80BFEE3F,0,1,1,4294967295,0,0
ograss2,1312,448,70397AC0,0,1,1,4294967295,0,0
ograss2,1312,480,4C128025,0,1,1,4294967295,0,0
ograss2,1280,480,D4AE4109,0,1,1,4294967295,0,0
ograss2,1248,480,90EEBB68,0,1,1,4294967295,0,0
ograss2,1216,480,6613B5F8,0,1,1,4294967295,0,0
ograss2,1184,480,626C43E6,0,1,1,4294967295,0,0
ograss2,1152,480,6885D767,0,1,1,4294967295,0,0
ograss2,1120,480,5CA993C4,0,1,1,4294967295,0,0
ograss2,1120,448,F2F2D6F1,0,1,1,4294967295,0,0
ograss2,1088,448,99E481E5,0,1,1,4294967295,0,0
ograss2,1056,416,B6E1B0E8,0,1,1,4294967295,0,0
ograss2,1056,384,E2454F58,0,1,1,4294967295,0,0
ograss2,1056,352,A3B16643,0,1,1,4294967295,0,0
ograss2,1088,352,75FF7CE1,0,1,1,4294967295,0,0
ograss2,1088,384,7B3CAC77,0,1,1,4294967295,0,0
ograss2,1088,416,F282FF33,0,1,1,4294967295,0,0
ograss2,1120,416,2EFDF1C5,0,1,1,4294967295,0,0
ograss2,1152,416,75EFDF9E,0,1,1,4294967295,0,0
ograss2,1152,448,D8A08B8F,0,1,1,4294967295,0,0
ograss2,1184,448,252B703A,0,1,1,4294967295,0,0
ograss2,1216,448,4AE712CB,0,1,1,4294967295,0,0
ograss2,1216,416,B8500E9B,0,1,1,4294967295,0,0
ograss2,1184,416,261B2DC8,0,1,1,4294967295,0,0
ograss2,1248,416,D3F50618,0,1,1,4294967295,0,0
ograss2,1280,416,5772780C,0,1,1,4294967295,0,0
ograss2,1280,448,461AC55A,0,1,1,4294967295,0,0
ograss2,1312,416,E1FF654B,0,1,1,4294967295,0,0
ograss2,1312,384,03028E91,0,1,1,4294967295,0,0
ograss2,1344,416,C816A28B,0,1,1,4294967295,0,0
ograss2,1344,352,DAE05B36,0,1,1,4294967295,0,0
ograss2,1344,320,0D3127A1,0,1,1,4294967295,0,0
ograss2,1344,288,969F2030,0,1,1,4294967295,0,0
ograss2,1344,256,570E30DC,0,1,1,4294967295,0,0
ograss2,1312,256,E7C09F73,0,1,1,4294967295,0,0
ograss2,1312,288,90C848D1,0,1,1,4294967295,0,0
ograss2,1312,320,2DF3DC67,0,1,1,4294967295,0,0
ograss2,1312,352,00F6E4B2,0,1,1,4294967295,0,0
ograss2,1280,288,A1F4DC4A,0,1,1,4294967295,0,0
ograss2,1280,256,F7D0AE00,0,1,1,4294967295,0,0
ograss2,1280,320,2482EC90,0,1,1,4294967295,0,0
ograss2,1280,352,1870407F,0,1,1,4294967295,0,0
ograss2,1280,384,27A0F1AB,0,1,1,4294967295,0,0
ograss2,1248,384,D5884006,0,1,1,4294967295,0,0
ograss2,1216,384,B6F931EA,0,1,1,4294967295,0,0
ograss2,1184,384,188118B4,0,1,1,4294967295,0,0
ograss2,1152,384,46544C8E,0,1,1,4294967295,0,0
ograss2,1120,384,206107D6,0,1,1,4294967295,0,0
ograss2,1120,352,BB03198E,0,1,1,4294967295,0,0
ograss2,1152,352,DCDE0372,0,1,1,4294967295,0,0
ograss2,1184,352,788CB0A4,0,1,1,4294967295,0,0
ograss2,1216,352,15D0DDF4,0,1,1,4294967295,0,0
ograss2,1248,352,E795787A,0,1,1,4294967295,0,0
ograss2,1248,320,49D4B639,0,1,1,4294967295,0,0
ograss2,1216,320,05EDACD3,0,1,1,4294967295,0,0
ograss2,1184,320,06AEAD45,0,1,1,4294967295,0,0
ograss2,1152,320,BC9ECD95,0,1,1,4294967295,0,0
ograss2,1120,320,E77F08C7,0,1,1,4294967295,0,0
ograss2,1088,320,216B06A8,0,1,1,4294967295,0,0
ograss2,1088,288,BA86831B,0,1,1,4294967295,0,0
ograss2,1120,288,5A59DFBC,0,1,1,4294967295,0,0
ograss2,1152,256,3362843C,0,1,1,4294967295,0,0
ograss2,1184,256,9EF14089,0,1,1,4294967295,0,0
ograss2,1216,256,2D977EF8,0,1,1,4294967295,0,0
ograss2,1184,288,DD0E3084,0,1,1,4294967295,0,0
ograss2,1216,288,10E01444,0,1,1,4294967295,0,0
ograss2,1248,288,FCB841E2,0,1,1,4294967295,0,0
oPlayer,395,299,001FAE93,0,1,1,4294967295,0,0
orock,0,352,42954BFC,0,1,1,4294967295,0,0
orock,0,384,84C46D39,0,1,1,4294967295,0,0
dungeonmusic,800,608,E3FFCCF5,0,1,1,4294967295,0,0
